      47.9305      40.9576
      47.6823      40.9954
      47.4340      41.0349
      47.1858      41.0759
      46.9376      41.1165
      46.6646      41.1568
      46.4164      41.1872
      46.1681      41.2097
      45.9199      41.2229
      45.6469      41.2263
      45.3987      41.2192
      45.1505      41.2026
      44.9022      41.1764
      44.6292      41.1371
      44.3810      41.0902
      44.1328      41.0317
      43.8846      40.9588
      43.6115      40.8581
      43.3633      40.7439
      43.1151      40.6084
      42.8669      40.4564
      42.5938      40.2775
      42.3456      40.1120
      42.1470      39.9833
      41.8988      39.8405
      41.6506      39.7263
      41.3279      39.6382
      41.0797      39.6200
      40.8315      39.6418
      40.5833      39.6947
      40.3102      39.7743
      40.0620      39.8539
      39.8138      39.9316
      39.5656      40.0023
      39.2926      40.0683
      39.0443      40.1180
      38.7961      40.1582
      38.5479      40.1899
      38.2749      40.2151
      37.9770      40.2320
      37.7785      40.2382
      37.5302      40.2400
      37.2572      40.2353
      37.0090      40.2255
      36.7608      40.2111
      36.5125      40.1929
      36.2395      40.1690
      35.9913      40.1437
      35.7431      40.1148
      35.4949      40.0829
      35.2218      40.0453
      34.9736      40.0089
      34.7254      39.9710
      34.4772      39.9319
      34.2290      39.8916
      33.9559      39.8454
      33.7077      39.8006
      33.4595      39.7533
      33.2113      39.7035
      32.9382      39.6458
      32.6900      39.5900
      32.4418      39.5320
      32.1936      39.4726
      31.9206      39.4068
      31.6723      39.3451
      31.4738      39.2936
      31.2256      39.2275
      30.9525      39.1516
      30.6547      39.0661
      30.4064      38.9936
      30.1582      38.9217
      29.8852      38.8436
      29.6370      38.7707
      29.3888      38.6941
      29.1405      38.6145
      28.8675      38.5244
      28.6193      38.4397
      28.3711      38.3538
      28.1229      38.2665
      27.8746      38.1778
      27.5520      38.0632
      27.3037      37.9718
      27.1052      37.8959
      26.8570      37.8004
      26.5839      37.6919
      26.3357      37.5883
      26.0875      37.4823
      25.8393      37.3734
      25.5662      37.2534
      25.3180      37.1422
      25.0698      37.0285
      24.8216      36.9108
      24.5485      36.7785
      24.3003      36.6540
      24.0521      36.5275
      23.8039      36.3981
      23.5309      36.2538
      23.2826      36.1175
      23.0344      35.9767
      22.7862      35.8318
      22.5132      35.6703
      22.2650      35.5182
      22.0167      35.3628
      21.7685      35.2063
      21.5203      35.0478
      21.2473      34.8723
      20.9991      34.7078
      20.8005      34.5695
      20.5523      34.3943
      20.2296      34.1615
      19.9814      33.9738
      19.7332      33.7850
      19.4849      33.5941
      19.2119      33.3831
      18.9637      33.1856
      18.7155      32.9820
      18.4673      32.7719
      18.1942      32.5346
      17.9460      32.3107
      17.6978      32.0819
      17.4496      31.8471
      17.1765      31.5867
      16.8787      31.3016
      16.6801      31.1026
      16.4319      30.8563
      16.1588      30.5822
      15.9106      30.3245
      15.6624      30.0605
      15.4142      29.7914
      15.1660      29.5163
      14.8929      29.2138
      14.6447      28.9312
      14.3965      28.6439
      14.1483      28.3521
      13.8753      28.0286
      13.6270      27.7277
      13.3788      27.4242
      13.1306      27.1166
      12.8576      26.7772
      12.6094      26.4622
      12.3611      26.1443
      12.1129      25.8214
      11.8399      25.4605
      11.5917      25.1233
      11.3435      24.7802
      11.0952      24.4377
      10.8222      24.0645
      10.5740      23.7214
      10.3754      23.4360
      10.1272      23.0750
      9.87899      22.6954
      9.55631      22.1823
      9.30809      21.7592
      9.05988      21.3214
      8.81166      20.8659
      8.53862      20.3429
      8.29041      19.8284
      8.04219      19.2782
      7.79398      18.6908
      7.52094      18.0002
      7.27272      17.3203
      7.02451      16.5950
      6.77629      15.8190
      6.50325      14.9233
      6.20540      13.9093
      6.00682      13.1956
      5.75861      12.3056
      5.48557      11.3239
      5.23735      10.4234
      4.98914      9.53789
      4.74092      8.67698
      4.46788      7.78059
      4.21967      7.02389
      3.97145      6.32655
      3.72324      5.69391
      3.45020      5.08429
      3.20198      4.60007
      2.95377      4.18394
      2.70555      3.82973
      2.45734      3.53237
      2.18430      3.26467
      1.93608      3.06455
      1.68787      2.90198
      1.43965      2.77066
      1.16661      2.65590
     0.918398      2.58540
     0.670183      2.55512
     0.421967      2.54435
     0.148929      2.53333
   -0.0992863      2.53256
    -0.297859      2.54680
    -0.546075      2.57478
    -0.819112      2.63966
     -1.11697      2.77243
     -1.36519      2.93069
     -1.61340      3.10719
     -1.88644      3.33686
     -2.13466      3.59681
     -2.38287      3.91290
     -2.63109      4.28342
     -2.90412      4.75929
     -3.15234      5.27001
     -3.40056      5.85677
     -3.64877      6.52218
     -3.89699      7.26350
     -4.21967      8.29602
     -4.46788      9.15145
     -4.66646      9.86797
     -4.91467      10.7652
     -5.18771      11.7667
     -5.43593      12.6948
     -5.68414      13.6136
     -5.93236      14.5186
     -6.20540      15.4602
     -6.45361      16.2716
     -6.70183      17.0379
     -6.95004      17.7635
     -7.22308      18.5060
     -7.47130      19.1449
     -7.71951      19.7454
     -7.96773      20.3148
     -8.24076      20.9008
     -8.48898      21.4096
     -8.73720      21.8953
     -8.98541      22.3608
     -9.25845      22.8471
     -9.50667      23.2804
     -9.75488      23.7022
     -10.0031      24.1086
     -10.2513      24.5006
     -10.5244      24.9118
     -10.7726      25.2753
     -10.9711      25.5658
     -11.2194      25.9153
     -11.5420      26.3531
     -11.7903      26.6879
     -12.0385      27.0102
     -12.2867      27.3220
     -12.5597      27.6514
     -12.8079      27.9453
     -13.0562      28.2348
     -13.3044      28.5206
     -13.5774      28.8271
     -13.8256      29.1020
     -14.0738      29.3705
     -14.3221      29.6342
     -14.5951      29.9139
     -14.8929      30.2060
     -15.0915      30.4008
     -15.3397      30.6318
     -15.6128      30.8754
     -15.8610      31.0915
     -16.1092      31.3002
     -16.3574      31.5007
     -16.6056      31.6936
     -16.8787      31.8925
     -17.1269      32.0683
     -17.3751      32.2393
     -17.6233      32.4075
     -17.8964      32.5905
     -18.1446      32.7595
     -18.3928      32.9288
     -18.6410      33.0981
     -18.9140      33.2799
     -19.1623      33.4413
     -19.4105      33.5953
     -19.6587      33.7407
     -19.9317      33.8884
     -20.1799      34.0122
     -20.4282      34.1242
     -20.6764      34.2230
     -20.9494      34.3152
     -21.1976      34.3851
     -21.3962      34.4320
     -21.6444      34.4770
     -21.8926      34.5068
     -22.2153      34.5198
     -22.4635      34.5114
     -22.7117      34.4911
     -22.9600      34.4665
     -23.2330      34.4459
     -23.4812      34.4446
     -23.7294      34.4677
     -23.9776      34.5190
     -24.2507      34.6092
     -24.4989      34.7164
     -24.7471      34.8364
     -24.9953      34.9575
     -25.2684      35.0751
     -25.5662      35.1681
     -25.7648      35.2048
     -26.0130      35.2191
     -26.2861      35.1990
     -26.5343      35.1588
     -26.7825      35.1133
     -27.0307      35.0826
     -27.3037      35.0902
     -27.5520      35.1565
     -27.8002      35.2898
     -28.0484      35.4887
     -28.3214      35.7699
     -28.5696      36.0655
     -28.8179      36.3777
     -29.0661      36.6889
     -29.3143      36.9861
     -29.5873      37.2851
     -29.8355      37.5315
     -30.0838      37.7511
     -30.3320      37.9451
     -30.6050      38.1330
     -30.8532      38.2861
     -31.1014      38.4231
     -31.3497      38.5459
     -31.6227      38.6665
     -31.8709      38.7679
     -32.0695      38.8461
     -32.3177      38.9386
     -32.5907      39.0361
     -32.8886      39.1368
     -33.1368      39.2158
     -33.3850      39.2895
     -33.6581      39.3647
     -33.9063      39.4313
     -34.1545      39.4991
     -34.4027      39.5686
     -34.6758      39.6477
     -34.9240      39.7226
     -35.1722      39.7981
     -35.4204      39.8727
     -35.6686      39.9441
     -35.9913      40.0281
     -36.2395      40.0876
     -36.4381      40.1325
     -36.6863      40.1837
     -36.9593      40.2359
     -37.2076      40.2807
     -37.4558      40.3220
     -37.7040      40.3600
     -37.9770      40.3969
     -38.2252      40.4272
     -38.4734      40.4555
     -38.7217      40.4823
     -38.9947      40.5100
     -39.2429      40.5332
     -39.4911      40.5532
     -39.7394      40.5690
     -40.0124      40.5803
     -40.2606      40.5848
     -40.5088      40.5836
     -40.7570      40.5765
     -41.0301      40.5609
     -41.2783      40.5364
     -41.5265      40.4991
     -41.7747      40.4468
     -42.0229      40.3743
     -42.2960      40.2671
     -42.5442      40.1365
     -42.7428      40.0026
     -42.9910      39.8010
     -43.3137      39.4808
     -43.5619      39.1909
     -43.8101      38.8876
     -44.0583      38.5960
     -44.3313      38.3272
     -44.5796      38.1641
     -44.8278      38.1023
     -45.0760      38.1504
     -45.3490      38.3333
     -45.5972      38.5963
     -45.8455      38.9202
     -46.0937      39.2748
     -46.3667      39.6624
     -46.6646      40.0492
     -46.8631      40.2856
     -47.1114      40.5406
     -47.3844      40.7767
     -47.6326      40.9600
     -47.8808      41.1165
     -48.1290      41.2503
     -48.3773      41.3660
     -48.6503      41.4727
     -48.8985      41.5579
     -49.1467      41.6331
     -49.3949      41.6992
     -49.6680      41.7623
     -49.9162      41.8123
     -50.1644      41.8552
     -50.4126      41.8920
     -50.6857      41.9261
