      49.5196      80.0426
      49.2463      79.9885
      48.9978      79.9291
      48.7493      79.8600
      48.5009      79.7804
      48.2524      79.6885
      47.9791      79.5712
      47.7306      79.4455
      47.4822      79.3019
      47.2337      79.1425
      46.9604      78.9536
      46.7119      78.7775
      46.4634      78.6107
      46.2150      78.4644
      45.9416      78.3374
      45.6932      78.2538
      45.4944      78.2063
      45.2459      78.1696
      44.9726      78.1495
      44.6745      78.1389
      44.4260      78.1306
      44.1775      78.1164
      43.9042      78.0899
      43.6558      78.0533
      43.4073      78.0043
      43.1588      77.9448
      42.8855      77.8682
      42.6370      77.7887
      42.3886      77.7014
      42.1401      77.6078
      41.8916      77.5096
      41.5686      77.3804
      41.3202      77.2781
      41.1214      77.1936
      40.8729      77.0885
      40.5996      76.9710
      40.3511      76.8613
      40.1027      76.7512
      39.8542      76.6379
      39.5809      76.5118
      39.3324      76.3937
      39.0839      76.2729
      38.8355      76.1485
      38.5622      76.0084
      38.3137      75.8748
      38.0652      75.7361
      37.8168      75.5930
      37.5434      75.4340
      37.2950      75.2856
      37.0465      75.1343
      36.7980      74.9792
      36.5247      74.8062
      36.2763      74.6408
      36.0278      74.4720
      35.7793      74.3010
      35.5309      74.1303
      35.2575      73.9461
      35.0091      73.7798
      34.8103      73.6438
      34.5618      73.4738
      34.2388      73.2517
      33.9904      73.0738
      33.7419      72.8959
      33.4934      72.7112
      33.2201      72.4984
      32.9716      72.2903
      32.7232      72.0689
      32.4747      71.8375
      32.2014      71.5725
      31.9529      71.3210
      31.7045      71.0636
      31.4560      70.8036
      31.1827      70.5234
      30.8845      70.2253
      30.6857      70.0253
      30.4373      69.7816
      30.1640      69.5219
      29.9155      69.2873
      29.6670      69.0575
      29.4186      68.8290
      29.1701      68.5997
      28.8968      68.3518
      28.6483      68.1224
      28.3998      67.8897
      28.1514      67.6509
      27.8781      67.3809
      27.6296      67.1245
      27.3811      66.8612
      27.1327      66.5947
      26.8593      66.3002
      26.6109      66.0283
      26.3624      65.7546
      26.1139      65.4788
      25.8406      65.1698
      25.5922      64.8791
      25.3437      64.5851
      25.0952      64.2889
      24.8219      63.9651
      24.5734      63.6657
      24.3747      63.4181
      24.1262      63.1012
      23.8777      62.7665
      23.5547      62.3142
      23.3063      61.9490
      23.0578      61.5763
      22.8093      61.1986
      22.5360      60.7791
      22.2875      60.3812
      22.0391      59.9681
      21.7906      59.5396
      21.5173      59.0450
      21.2688      58.5649
      21.0204      58.0574
      20.7719      57.5220
      20.4986      56.9030
      20.2004      56.1878
      20.0016      55.6721
      19.7532      54.9924
      19.4799      54.1789
      19.2314      53.3501
      18.9829      52.4467
      18.7345      51.4610
      18.4611      50.3202
      18.2127      49.2839
      17.9642      48.3154
      17.7157      47.4842
      17.4424      46.8033
      17.1940      46.4164
      16.9455      46.2448
      16.6970      46.2402
      16.4486      46.3616
      16.1752      46.5495
      15.9268      46.7101
      15.6783      46.8186
      15.4298      46.8645
      15.1565      46.8297
      14.9081      46.7273
      14.6596      46.5672
      14.4111      46.3582
      14.1378      46.0783
      13.8893      45.7786
      13.6906      45.5070
      13.4421      45.1403
      13.1688      44.7037
      12.8706      44.2009
      12.6222      43.7660
      12.3737      43.3273
      12.1004      42.8462
      11.8519      42.3993
      11.6034      41.9371
      11.3550      41.4580
      11.0817      40.9075
      10.8332      40.3668
      10.5847      39.7895
      10.3363      39.1688
      10.0878      38.5126
      9.76477      37.6573
      9.51631      36.9976
      9.31753      36.4680
      9.06907      35.8164
      8.79575      35.0669
      8.54728      34.3116
      8.29882      33.4778
      8.05035      32.5506
      7.77703      31.4366
      7.52857      30.3266
      7.28010      29.1304
      7.03163      27.8340
      6.75832      26.3105
      6.50985      24.8071
      6.26138      23.2216
      6.01291      21.5459
      5.73960      19.6679
      5.49113      17.9582
      5.24267      16.3171
      4.99420      14.7786
      4.72088      13.2461
      4.47242      11.9752
      4.22395      10.8393
      3.97548      9.84338
      3.72701      8.98531
      3.45370      8.17292
      3.20523      7.52095
      3.00646      7.03224
      2.75799      6.50479
      2.43498      5.91336
      2.18651      5.51925
      1.93805      5.18805
      1.68958      4.92136
      1.41627      4.69200
      1.16780      4.52334
     0.919330      4.40852
     0.670862      4.36611
     0.397548      4.35044
     0.149081      4.33628
   -0.0993870      4.33316
    -0.347855      4.36402
    -0.621169      4.41821
    -0.919330      4.53993
     -1.11810      4.69194
     -1.36657      4.89508
     -1.63989      5.12957
     -1.88835      5.38620
     -2.13682      5.70771
     -2.38529      6.10496
     -2.63376      6.59018
     -2.90707      7.22226
     -3.15554      7.90090
     -3.40401      8.67102
     -3.65247      9.54197
     -3.92579      10.6085
     -4.17425      11.7055
     -4.42272      12.9053
     -4.67119      14.2380
     -4.94450      15.8220
     -5.19297      17.3690
     -5.44144      18.9575
     -5.68991      20.5716
     -5.96322      22.3378
     -6.21169      23.9180
     -6.46016      25.4275
     -6.70862      26.8239
     -6.98194      28.2072
     -7.23041      29.3755
     -7.42918      30.2840
     -7.67765      31.3739
     -7.92612      32.4240
     -8.24912      33.7186
     -8.49759      34.6692
     -8.74606      35.5542
     -8.99452      36.3653
     -9.26784      37.1807
     -9.51631      37.8865
     -9.76477      38.5557
     -10.0132      39.1962
     -10.2866      39.8617
     -10.5350      40.4456
     -10.7835      41.0049
     -11.0320      41.5469
     -11.3053      42.1114
     -11.6034      42.6822
     -11.8022      43.0502
     -12.0507      43.4820
     -12.3240      43.9498
     -12.5725      44.4022
     -12.8209      44.8912
     -13.0694      45.4244
     -13.3427      46.0479
     -13.5912      46.6387
     -13.8396      47.2387
     -14.0881      47.8417
     -14.3614      48.4895
     -14.6099      49.0731
     -14.8584      49.6448
     -15.1068      50.2109
     -15.3553      50.7675
     -15.6286      51.3581
     -15.8771      51.8721
     -16.1255      52.3561
     -16.3740      52.8084
     -16.6473      53.2745
     -16.8958      53.6805
     -17.1443      54.0698
     -17.3927      54.4470
     -17.6660      54.8606
     -17.9145      55.2523
     -18.1133      55.5868
     -18.3618      56.0143
     -18.6351      56.5045
     -18.9332      57.0494
     -19.1817      57.5047
     -19.4302      57.9465
     -19.7035      58.4087
     -19.9519      58.8130
     -20.2004      59.2044
     -20.4489      59.5797
     -20.7222      59.9726
     -20.9707      60.3178
     -21.2191      60.6491
     -21.4676      60.9699
     -21.7161      61.2771
     -22.0391      61.6371
     -22.2875      61.8849
     -22.4863      62.0640
     -22.7348      62.2580
     -23.0081      62.4467
     -23.2566      62.6062
     -23.5050      62.7557
     -23.7535      62.8982
     -24.0268      63.0459
     -24.2753      63.1761
     -24.5237      63.3066
     -24.7722      63.4415
     -25.0455      63.5969
     -25.2940      63.7509
     -25.5425      63.9152
     -25.7909      64.0954
     -26.0642      64.3089
     -26.3127      64.5206
     -26.5612      64.7444
     -26.8096      64.9807
     -27.0830      65.2519
     -27.3314      65.5150
     -27.5799      65.7902
     -27.8284      66.0732
     -28.0768      66.3661
     -28.3501      66.7016
     -28.5986      67.0270
     -28.7974      67.3086
     -29.0459      67.6688
     -29.3689      68.1509
     -29.6173      68.5349
     -29.8658      68.9152
     -30.1143      69.2878
     -30.3876      69.6829
     -30.6360      70.0323
     -30.8845      70.3694
     -31.1330      70.6945
     -31.4063      71.0328
     -31.6548      71.3279
     -31.9032      71.6078
     -32.1517      71.8738
     -32.4250      72.1426
     -32.7232      72.4009
     -32.9220      72.5564
     -33.1704      72.7225
     -33.4437      72.8785
     -33.6922      73.0077
     -33.9407      73.1323
     -34.1891      73.2583
     -34.4376      73.3897
     -34.7109      73.5418
     -34.9594      73.6918
     -35.2079      73.8513
     -35.4563      74.0172
     -35.7296      74.2027
     -35.9781      74.3733
     -36.2266      74.5392
     -36.4750      74.6967
     -36.7483      74.8521
     -36.9968      74.9750
     -37.2453      75.0761
     -37.4938      75.1588
     -37.7671      75.2339
     -38.0155      75.2981
     -38.2640      75.3676
     -38.5125      75.4486
     -38.7858      75.5578
     -39.0343      75.6812
     -39.2330      75.8000
     -39.4815      75.9681
     -39.7300      76.1569
     -40.0530      76.4128
     -40.3014      76.6095
     -40.5499      76.7950
     -40.7984      76.9656
     -41.0717      77.1351
     -41.3202      77.2789
     -41.5686      77.4126
     -41.8171      77.5394
     -42.0904      77.6714
     -42.3389      77.7899
     -42.5873      77.9072
     -42.8358      78.0250
     -43.1091      78.1520
     -43.4073      78.2829
     -43.6061      78.3661
     -43.8545      78.4602
     -44.1278      78.5547
     -44.3763      78.6372
     -44.6248      78.7175
     -44.8732      78.7960
     -45.1466      78.8774
     -45.3950      78.9454
     -45.6435      79.0068
     -45.8920      79.0638
     -46.1653      79.1226
     -46.4137      79.1795
     -46.6622      79.2445
     -46.9107      79.3228
     -47.1591      79.4153
     -47.4325      79.5287
     -47.6809      79.6363
     -47.9294      79.7410
     -48.1779      79.8388
     -48.4512      79.9365
     -48.6996      80.0175
     -48.9481      80.0908
     -49.1966      80.1567
