    394.35141    0.3979500      87.65
    394.35187    0.4004500      88.20
    394.35233    0.4014500      88.42
    394.35281    0.4003500      88.18
    394.35327    0.3966800      87.37
    394.35373    0.3902300      85.95
    394.35419    0.3811400      83.95
    394.35464    0.3698600      81.47
    394.35513    0.3571500      78.67
    394.35559    0.3440400      75.78
    394.35605    0.3316800      73.06
    394.35651    0.3213200      70.78
    394.35696    0.3140900      69.18
    394.35742    0.3109200      68.49
    394.35791    0.3123300      68.80
    394.35837    0.3183300      70.12
    394.35883    0.3284400      72.35
    394.35928    0.3417300      75.27
    394.35974    0.3570100      78.64
    394.36023    0.3730500      82.17
    394.36069    0.3887700      85.64
    394.36115    0.4033200      88.84
    394.36160    0.4161900      91.68
    394.36206    0.4271200      94.08
    394.36255    0.4360200      96.05
    394.36301    0.4429900      97.58
    394.36346    0.4481600      98.72
    394.36392    0.4517200      99.51
    394.36438    0.4538900      99.98
    394.36484    0.4549000     100.21
    394.36533    0.4549700     100.22
    394.36578    0.4542900     100.07
    394.36624    0.4530200      99.79
    394.36670    0.4512600      99.41
    394.36716    0.4491100      98.93
    394.36765    0.4466500      98.39
    394.36810    0.4439600      97.80
    394.36856    0.4410900      97.17
    394.36902    0.4380500      96.50
    394.36948    0.4348700      95.80
    394.36996    0.4315400      95.07
    394.37042    0.4280700      94.30
    394.37088    0.4244600      93.51
    394.37134    0.4207000      92.68
    394.37180    0.4167900      91.82
    394.37225    0.4126700      90.91
    394.37274    0.4082800      89.94
    394.37320    0.4035600      88.90
    394.37366    0.3984700      87.78
    394.37411    0.3929700      86.57
    394.37457    0.3870100      85.26
    394.37506    0.3805500      83.84
    394.37552    0.3735400      82.29
    394.37598    0.3659200      80.61
    394.37643    0.3576900      78.80
    394.37689    0.3488700      76.86
    394.37738    0.3395400      74.80
    394.37784    0.3298000      72.66
    394.37830    0.3197400      70.44
    394.37875    0.3094900      68.18
    394.37921    0.2992000      65.92
    394.37967    0.2890500      63.68
    394.38016    0.2792500      61.52
    394.38062    0.2700000      59.49
    394.38107    0.2614700      57.61
    394.38153    0.2537700      55.91
    394.38199    0.2469700      54.41
    394.38248    0.2411000      53.12
    394.38293    0.2361900      52.04
    394.38339    0.2322300      51.17
    394.38385    0.2291800      50.49
    394.38431    0.2269700      50.01
    394.38480    0.2254700      49.68
    394.38525    0.2244900      49.46
    394.38571    0.2238600      49.32
    394.38617    0.2233800      49.22
    394.38663    0.2228700      49.10
    394.38708    0.2221500      48.95
    394.38757    0.2210700      48.71
    394.38803    0.2195300      48.37
    394.38849    0.2174500      47.91
    394.38895    0.2148300      47.33
    394.38940    0.2117200      46.65
    394.38989    0.2081700      45.87
    394.39035    0.2042300      45.00
    394.39081    0.1999400      44.05
    394.39127    0.1952700      43.03
    394.39172    0.1901900      41.91
    394.39221    0.1846100      40.68
    394.39267    0.1784100      39.31
    394.39313    0.1714900      37.79
    394.39359    0.1637300      36.08
    394.39404    0.1550800      34.17
    394.39453    0.1455300      32.07
    394.39499    0.1351800      29.79
    394.39545    0.1242100      27.37
    394.39590    0.1128900      24.87
    394.39636    0.1015300      22.37
    394.39682    0.0904900      19.94
    394.39731    0.0801500      17.66
    394.39777    0.0708100      15.60
    394.39822    0.0627100      13.82
    394.39868    0.0559600      12.33
    394.39914    0.0505600      11.14
    394.39963    0.0464200      10.23
    394.40009    0.0434100       9.57
    394.40054    0.0413900       9.12
    394.40100    0.0402500       8.87
    394.40146    0.0399100       8.79
    394.40195    0.0403200       8.88
    394.40240    0.0414900       9.14
    394.40286    0.0434700       9.58
    394.40332    0.0463600      10.22
    394.40378    0.0503200      11.09
    394.40424    0.0554700      12.22
    394.40472    0.0619200      13.64
    394.40518    0.0696700      15.35
    394.40564    0.0786300      17.33
    394.40610    0.0886300      19.53
    394.40656    0.0993900      21.90
    394.40704    0.1105400      24.36
    394.40750    0.1216500      26.81
    394.40796    0.1322600      29.15
    394.40842    0.1419700      31.29
    394.40887    0.1504600      33.16
    394.40936    0.1576500      34.74
    394.40982    0.1636300      36.06
    394.41028    0.1686700      37.17
    394.41074    0.1731100      38.15
    394.41119    0.1772900      39.07
    394.41168    0.1814700      39.99
    394.41214    0.1857800      40.94
    394.41260    0.1902700      41.93
    394.41306    0.1949000      42.95
    394.41351    0.1995400      43.98
    394.41397    0.2040800      44.98
    394.41446    0.2083800      45.92
    394.41492    0.2123900      46.81
    396.13538    0.2415800      53.22
    396.13583    0.2383400      52.50
    396.13629    0.2351400      51.80
    396.13678    0.2319800      51.10
    396.13724    0.2288500      50.41
    396.13770    0.2257200      49.72
    396.13818    0.2225900      49.03
    396.13864    0.2194300      48.34
    396.13910    0.2162500      47.64
    396.13959    0.2130400      46.93
    396.14005    0.2097900      46.21
    396.14050    0.2064700      45.48
    396.14099    0.2030000      44.72
    396.14145    0.1993400      43.91
    396.14191    0.1954000      43.04
    396.14240    0.1911300      42.10
    396.14285    0.1864400      41.07
    396.14331    0.1812300      39.92
    396.14380    0.1753500      38.63
    396.14426    0.1686700      37.15
    396.14471    0.1610600      35.48
    396.14520    0.1524700      33.59
    396.14566    0.1429200      31.48
    396.14612    0.1325200      29.19
    396.14661    0.1214800      26.76
    396.14706    0.1100300      24.24
    396.14752    0.0985200      21.70
    396.14801    0.0873000      19.23
    396.14847    0.0767600      16.91
    396.14893    0.0672300      14.81
    396.14941    0.0589500      12.99
    396.14987    0.0520600      11.47
    396.15033    0.0465400      10.25
    396.15082    0.0422900       9.32
    396.15128    0.0391400       8.62
    396.15173    0.0369100       8.13
    396.15219    0.0354500       7.81
    396.15268    0.0346400       7.63
    396.15314    0.0344300       7.58
    396.15359    0.0348100       7.67
    396.15408    0.0358200       7.89
    396.15454    0.0375700       8.28
    396.15500    0.0401700       8.85
    396.15549    0.0438200       9.65
    396.15594    0.0486600      10.72
    396.15640    0.0548200      12.07
    396.15689    0.0623300      13.73
    396.15735    0.0711300      15.67
    396.15781    0.0810100      17.84
    396.15829    0.0917000      20.20
    396.15875    0.1028200      22.65
    396.15921    0.1140200      25.11
    396.15970    0.1249300      27.52
    396.16016    0.1352900      29.80
    396.16061    0.1449000      31.92
    396.16110    0.1536400      33.84
    396.16156    0.1614900      35.57
    396.16202    0.1685000      37.11
    396.16251    0.1747700      38.49
    396.16296    0.1804100      39.74
    396.16342    0.1855700      40.87
    396.16391    0.1903500      41.93
    396.16437    0.1948300      42.91
    396.16483    0.1990600      43.84
    396.16531    0.2030700      44.73
    396.16577    0.2069100      45.57
    396.16623    0.2106400      46.39
    396.16672    0.2142900      47.20
    396.16718    0.2179000      47.99
    396.16763    0.2214800      48.78
    396.16812    0.2250100      49.56
    396.16858    0.2285000      50.33



