0          References for Cross Section of Na        Na+     
Cross section:                                                                  
Lambda = 0.1 - 2412.63 A                                                        
   Verner, D. A., Yakovlev, D. G., Band, I. M., Trzhaskovskaya, M. B. (1993)    
   Atomic Data Nuclear Data Tables 55, 233.                                     
   Verner, D. A., Yakovlev, D. G. (1995)                                        
   Astron. Astrophys. Suppl. 109, 125.                                          
   Verner, D. A., Ferland, G. J., Korista, K. T., Yakovlev, D. G. (1996)        
   Astrophys. J. 465, 487.                                                      
Threshold:                                                                      
Lambda = 2412.58 A                                                              
   Baugh, J. F., Burkhardt, C. E., Leventhal, J. J., Bergeman, T., (1998)       
   Phys. Rev. A 58, 1585.                                                       
                                                                                
0 Branching ratio for Na       Na+          0 branches
  Lambda  Na+     
    0.10  4.30E-25
   10.00  1.86E-19
   11.49  2.46E-19
   11.50  2.30E-20
   20.00  9.11E-20
   30.00  2.47E-19
   40.00  4.95E-19
   50.00  8.39E-19
   60.00  1.27E-18
   70.00  1.79E-18
   80.00  2.38E-18
   90.00  3.03E-18
  100.00  3.72E-18
  110.00  4.42E-18
  120.00  5.12E-18
  130.00  5.81E-18
  140.00  6.45E-18
  150.00  7.03E-18
  160.00  7.53E-18
  170.00  7.94E-18
  175.02  8.11E-18
  175.03  7.60E-18
  180.00  7.77E-18
  190.00  8.01E-18
  200.00  8.14E-18
  210.00  8.15E-18
  220.00  8.04E-18
  230.00  7.81E-18
  240.00  7.48E-18
  250.00  7.05E-18
  260.00  6.55E-18
  270.00  5.99E-18
  280.00  5.43E-18
  290.00  4.89E-18
  300.00  4.42E-18
  310.00  4.08E-18
  320.00  3.93E-18
  325.08  3.95E-18
  325.09  5.57E-20
  330.00  5.68E-20
  340.00  5.89E-20
  350.00  6.11E-20
  360.00  6.32E-20
  370.00  6.53E-20
  380.00  6.74E-20
  390.00  6.94E-20
  400.00  7.15E-20
  410.00  7.35E-20
  420.00  7.55E-20
  430.00  7.75E-20
  440.00  7.94E-20
  450.00  8.14E-20
  460.00  8.33E-20
  470.00  8.51E-20
  480.00  8.70E-20
  490.00  8.88E-20
  500.00  9.05E-20
  510.00  9.23E-20
  520.00  9.40E-20
  530.00  9.57E-20
  540.00  9.73E-20
  550.00  9.89E-20
  560.00  1.00E-19
  570.00  1.02E-19
  580.00  1.03E-19
  590.00  1.05E-19
  600.00  1.06E-19
  610.00  1.08E-19
  620.00  1.09E-19
  630.00  1.10E-19
  640.00  1.11E-19
  650.00  1.13E-19
  660.00  1.14E-19
  670.00  1.15E-19
  680.00  1.16E-19
  690.00  1.17E-19
  700.00  1.18E-19
  710.00  1.19E-19
  720.00  1.20E-19
  730.00  1.21E-19
  740.00  1.21E-19
  750.00  1.22E-19
  760.00  1.23E-19
  770.00  1.23E-19
  780.00  1.24E-19
  790.00  1.25E-19
  800.00  1.25E-19
  810.00  1.26E-19
  820.00  1.26E-19
  830.00  1.26E-19
  840.00  1.27E-19
  850.00  1.27E-19
  860.00  1.27E-19
  870.00  1.27E-19
  880.00  1.27E-19
  890.00  1.28E-19
  900.00  1.28E-19
  910.00  1.28E-19
  920.00  1.27E-19
  930.00  1.27E-19
  940.00  1.27E-19
  950.00  1.27E-19
  960.00  1.27E-19
  970.00  1.27E-19
  980.00  1.26E-19
  990.00  1.26E-19
 1000.00  1.25E-19
 1010.00  1.25E-19
 1020.00  1.24E-19
 1030.00  1.24E-19
 1040.00  1.23E-19
 1050.00  1.23E-19
 1060.00  1.22E-19
 1070.00  1.21E-19
 1080.00  1.21E-19
 1090.00  1.20E-19
 1100.00  1.19E-19
 1110.00  1.18E-19
 1120.00  1.17E-19
 1130.00  1.16E-19
 1140.00  1.15E-19
 1150.00  1.14E-19
 1160.00  1.13E-19
 1170.00  1.12E-19
 1180.00  1.11E-19
 1190.00  1.10E-19
 1200.00  1.09E-19
 1210.00  1.08E-19
 1220.00  1.06E-19
 1230.00  1.05E-19
 1240.00  1.04E-19
 1250.00  1.02E-19
 1260.00  1.01E-19
 1270.00  9.97E-20
 1280.00  9.83E-20
 1290.00  9.68E-20
 1300.00  9.54E-20
 1310.00  9.39E-20
 1320.00  9.24E-20
 1330.00  9.09E-20
 1340.00  8.93E-20
 1350.00  8.77E-20
 1360.00  8.62E-20
 1370.00  8.46E-20
 1380.00  8.29E-20
 1390.00  8.13E-20
 1400.00  7.97E-20
 1410.00  7.80E-20
 1420.00  7.63E-20
 1430.00  7.46E-20
 1440.00  7.29E-20
 1450.00  7.12E-20
 1460.00  6.95E-20
 1470.00  6.78E-20
 1480.00  6.61E-20
 1490.00  6.43E-20
 1500.00  6.26E-20
 1510.00  6.09E-20
 1520.00  5.91E-20
 1530.00  5.74E-20
 1540.00  5.56E-20
 1550.00  5.39E-20
 1560.00  5.22E-20
 1570.00  5.04E-20
 1580.00  4.87E-20
 1590.00  4.70E-20
 1600.00  4.53E-20
 1610.00  4.36E-20
 1620.00  4.19E-20
 1630.00  4.02E-20
 1640.00  3.86E-20
 1650.00  3.69E-20
 1660.00  3.53E-20
 1670.00  3.37E-20
 1680.00  3.21E-20
 1690.00  3.05E-20
 1700.00  2.90E-20
 1710.00  2.74E-20
 1720.00  2.59E-20
 1730.00  2.45E-20
 1740.00  2.30E-20
 1750.00  2.16E-20
 1760.00  2.02E-20
 1770.00  1.88E-20
 1780.00  1.75E-20
 1790.00  1.62E-20
 1800.00  1.50E-20
 1810.00  1.38E-20
 1820.00  1.26E-20
 1830.00  1.15E-20
 1840.00  1.04E-20
 1850.00  9.34E-21
 1860.00  8.35E-21
 1870.00  7.40E-21
 1880.00  6.50E-21
 1890.00  5.65E-21
 1900.00  4.85E-21
 1910.00  4.11E-21
 1920.00  3.42E-21
 1930.00  2.79E-21
 1940.00  2.22E-21
 1950.00  1.71E-21
 1960.00  1.27E-21
 1970.00  8.85E-22
 1980.00  5.69E-22
 1990.00  3.20E-22
 2000.00  1.42E-22
 2010.00  3.44E-23
 2020.00  5.25E-26
 2030.00  4.06E-23
 2040.00  1.58E-22
 2050.00  3.53E-22
 2060.00  6.29E-22
 2070.00  9.87E-22
 2080.00  1.43E-21
 2090.00  1.96E-21
 2100.00  2.57E-21
 2110.00  3.28E-21
 2120.00  4.07E-21
 2130.00  4.96E-21
 2140.00  5.94E-21
 2150.00  7.03E-21
 2160.00  8.21E-21
 2170.00  9.49E-21
 2180.00  1.09E-20
 2190.00  1.24E-20
 2200.00  1.40E-20
 2210.00  1.57E-20
 2220.00  1.75E-20
 2230.00  1.94E-20
 2240.00  2.14E-20
 2250.00  2.36E-20
 2260.00  2.59E-20
 2270.00  2.83E-20
 2280.00  3.08E-20
 2290.00  3.34E-20
 2300.00  3.62E-20
 2310.00  3.91E-20
 2320.00  4.21E-20
 2330.00  4.53E-20
 2340.00  4.86E-20
 2350.00  5.20E-20
 2360.00  5.56E-20
 2370.00  5.93E-20
 2380.00  6.32E-20
 2390.00  6.72E-20
 2400.00  7.13E-20
 2410.00  7.56E-20
 2412.58  7.68E-20

