    371.97018    0.1928900      37.30
    371.97067    0.1910700      36.95
    371.97116    0.1892600      36.60
    371.97165    0.1874600      36.25
    371.97214    0.1856800      35.91
    371.97263    0.1839400      35.57
    371.97311    0.1822300      35.24
    371.97360    0.1805500      34.92
    371.97409    0.1788700      34.59
    371.97458    0.1771700      34.27
    371.97507    0.1754500      33.93
    371.97556    0.1737000      33.59
    371.97604    0.1719300      33.25
    371.97653    0.1701400      32.91
    371.97702    0.1683200      32.55
    371.97751    0.1664900      32.20
    371.97800    0.1646200      31.84
    371.97849    0.1627200      31.47
    371.97897    0.1607900      31.10
    371.97946    0.1588200      30.72
    371.97995    0.1567700      30.32
    371.98044    0.1546200      29.91
    371.98093    0.1523500      29.47
    371.98141    0.1499500      29.00
    371.98190    0.1474200      28.51
    371.98239    0.1447500      28.00
    371.98288    0.1419200      27.45
    371.98337    0.1389000      26.87
    371.98386    0.1356400      26.24
    371.98434    0.1320800      25.55
    371.98483    0.1281700      24.79
    371.98532    0.1238600      23.96
    371.98581    0.1191000      23.04
    371.98630    0.1138400      22.02
    371.98679    0.1080400      20.90
    371.98727    0.1017300      19.68
    371.98776    0.0949600      18.37
    371.98825    0.0878600      17.00
    371.98874    0.0805900      15.59
    371.98923    0.0733700      14.19
    371.98972    0.0664000      12.84
    371.99020    0.0599100      11.59
    371.99069    0.0540900      10.46
    371.99118    0.0490800       9.49
    371.99167    0.0449700       8.70
    371.99216    0.0417800       8.08
    371.99265    0.0394200       7.63
    371.99313    0.0377800       7.31
    371.99362    0.0367200       7.10
    371.99411    0.0361400       6.99
    371.99460    0.0359600       6.96
    371.99509    0.0361700       7.00
    371.99557    0.0368300       7.12
    371.99606    0.0379900       7.35
    371.99655    0.0397500       7.69
    371.99704    0.0422000       8.16
    371.99753    0.0454300       8.79
    371.99802    0.0495200       9.58
    371.99850    0.0544800      10.54
    371.99899    0.0602400      11.65
    371.99948    0.0666800      12.90
    371.99997    0.0736100      14.24
    372.00046    0.0808000      15.63
    372.00095    0.0880300      17.03
    372.00143    0.0951100      18.40
    372.00192    0.1018800      19.71
    372.00241    0.1082100      20.93
    372.00290    0.1140300      22.06
    372.00339    0.1193000      23.08
    372.00388    0.1240500      24.00
    372.00436    0.1283300      24.83
    372.00485    0.1322300      25.58
    372.00534    0.1358000      26.27
    372.00583    0.1390900      26.91
    372.00632    0.1421200      27.50
    372.00681    0.1448900      28.03
    372.00729    0.1474400      28.53
    372.00778    0.1498100      28.99
    372.00827    0.1520500      29.42
    372.00876    0.1542200      29.84
    372.00925    0.1563300      30.25
    372.00974    0.1584100      30.65
    372.01022    0.1604400      31.04
    372.01071    0.1624400      31.43
    372.01120    0.1644200      31.81
    372.01169    0.1664000      32.20
    372.01218    0.1684200      32.59
    372.01266    0.1704600      32.98

