    385.81009    0.4441100      93.09
    385.81055    0.4295600      90.04
    385.81097    0.4159500      87.18
    385.81143    0.4031200      84.49
    385.81189    0.3911400      81.98
    385.81232    0.3802700      79.70
    385.81277    0.3709600      77.75
    385.81320    0.3637200      76.24
    385.81366    0.3589200      75.23
    385.81409    0.3567300      74.77
    385.81454    0.3570100      74.83
    385.81497    0.3593100      75.31
    385.81543    0.3630000      76.08
    385.81586    0.3673500      77.00
    385.81631    0.3716800      77.90
    385.81674    0.3754700      78.70
    385.81720    0.3783700      79.31
    385.81763    0.3801700      79.68
    385.81808    0.3808200      79.82
    385.81854    0.3802600      79.70
    385.81897    0.3784300      79.32
    385.81943    0.3752300      78.65
    385.81985    0.3704800      77.65
    385.82031    0.3640000      76.29
    385.82074    0.3556600      74.54
    385.82120    0.3454000      72.39
    385.82162    0.3332800      69.85
    385.82208    0.3194400      66.95
    385.82251    0.3040600      63.73
    385.82297    0.2873700      60.23
    385.82339    0.2695200      56.49
    385.82385    0.2506800      52.54
    385.82428    0.2310000      48.42
    385.82474    0.2107000      44.16
    385.82520    0.1900600      39.84
    385.82562    0.1695200      35.53
    385.82608    0.1495900      31.35
    385.82651    0.1308500      27.43
    385.82697    0.1138000      23.85
    385.82739    0.0988500      20.72
    385.82785    0.0862400      18.08
    385.82828    0.0760100      15.93
    385.82874    0.0680600      14.26
    385.82916    0.0622100      13.04
    385.82962    0.0582300      12.20
    385.83008    0.0558800      11.71
    385.83051    0.0550000      11.53
    385.83096    0.0554800      11.63
    385.83139    0.0573800      12.03
    385.83185    0.0608600      12.76
    385.83228    0.0663000      13.90
    385.83273    0.0741100      15.53
    385.83316    0.0847300      17.76
    385.83362    0.0984800      20.64
    385.83405    0.1154100      24.19
    385.83450    0.1353300      28.36
    385.83493    0.1577500      33.06
    385.83539    0.1820100      38.15
    385.83582    0.2073300      43.45
    385.83627    0.2329500      48.82
    385.83673    0.2581900      54.11
    385.83716    0.2825300      59.21
    385.83762    0.3056000      64.05
    385.83804    0.3271600      68.57
    385.83850    0.3470700      72.74
    385.83893    0.3652200      76.55
    385.83939    0.3814600      79.95
    385.83981    0.3956200      82.92
    385.84027    0.4074900      85.40
    385.84070    0.4168700      87.37
    385.84116    0.4235700      88.77
    385.84158    0.4275600      89.61
    385.84204    0.4288900      89.89
    385.84250    0.4278000      89.66
    385.84293    0.4246200      88.99
    385.84338    0.4198300      87.99
    385.84381    0.4139500      86.76
    385.84427    0.4075300      85.41
    385.84470    0.4010900      84.06
    385.84515    0.3951000      82.81
    385.84558    0.3900000      81.74
    385.84604    0.3861200      80.92
    385.84647    0.3837300      80.42
    385.84692    0.3830000      80.27
    385.84735    0.3839100      80.46
    385.84781    0.3862800      80.96
    385.84827    0.3898000      81.70
    385.84869    0.3940500      82.59
    385.84915    0.3986800      83.56
    385.84958    0.4034700      84.56
    385.85004    0.4083700      85.59
    385.85046    0.4134900      86.66
    385.85092    0.4190300      87.82
    385.85135    0.4251600      89.11
    385.85181    0.4319000      90.52
    385.85223    0.4390600      92.02
    385.85269    0.4462300      93.52
    385.85312    0.4527800      94.89
    385.85358    0.4579500      95.98
    385.85403    0.4609300      96.60
    385.85446    0.4610000      96.62
    385.85492    0.4577000      95.93
    385.85535    0.4508900      94.50
    385.85580    0.4409000      92.40
    385.85623    0.4284600      89.80
    385.85669    0.4146600      86.90
    385.85712    0.4007100      83.98
    385.85757    0.3878600      81.29
    385.85800    0.3772100      79.06
    385.85846    0.3696000      77.46
    385.85889    0.3655700      76.62
    385.85934    0.3652700      76.55
    385.85980    0.3684300      77.22
    385.86023    0.3743100      78.45
    385.86069    0.3817100      80.00
    385.86111    0.3891000      81.55
    385.86157    0.3948300      82.75
    385.86200    0.3973600      83.28
    385.86246    0.3955700      82.90
    385.86288    0.3889400      81.51
    385.86334    0.3776100      79.14
    385.86377    0.3623300      75.94
    385.86423    0.3442600      72.15
    385.86465    0.3247800      68.07
    385.86511    0.3052300      63.97
    385.86557    0.2867500      60.10
    385.86600    0.2702200      56.63
    385.86646    0.2561700      53.69
    385.86688    0.2448600      51.32
    385.86734    0.2363300      49.53
    385.86777    0.2304700      48.30
    385.86823    0.2271600      47.61
    385.86865    0.2262800      47.42
    385.86911    0.2277900      47.74
    385.86954    0.2317200      48.56
    385.87000    0.2380700      49.89
    385.87045    0.2467900      51.72
    385.87088    0.2576500      54.00
    385.87134    0.2702100      56.63
    385.87177    0.2838400      59.49
    385.87222    0.2978000      62.41
    385.87265    0.3113100      65.24
    385.87311    0.3236900      67.84
    385.87354    0.3344700      70.10
    385.87399    0.3433600      71.96
    385.87442    0.3502500      73.40
    385.87488    0.3552200      74.44
    385.87531    0.3583600      75.10
    385.87576    0.3598600      75.42
    385.87622    0.3598600      75.42
    385.87665    0.3585200      75.14
    385.87711    0.3560000      74.61
    385.87753    0.3524500      73.86
    385.87799    0.3480600      72.94
    385.87842    0.3429700      71.88
    385.87888    0.3373200      70.69
    385.87930    0.3311600      69.40
    385.87976    0.3244600      68.00
    385.88019    0.3171600      66.47
    385.88065    0.3091500      64.79
    385.88107    0.3003600      62.95
    385.88153    0.2908200      60.95
    385.88199    0.2806200      58.81
    385.88242    0.2699600      56.58
    385.88287    0.2591100      54.30
    385.88330    0.2484100      52.06
    385.88376    0.2382000      49.92
    385.88419    0.2288300      47.96
    385.88464    0.2206300      46.24
    385.88507    0.2138600      44.82
    385.88553    0.2087100      43.74
    385.88596    0.2052600      43.02
    385.88641    0.2035400      42.66
    385.88684    0.2034500      42.64
    385.88730    0.2048300      42.93
    385.88776    0.2073900      43.46
    385.88818    0.2107600      44.17
    385.88864    0.2145400      44.96
    385.88907    0.2183100      45.75
    385.88953    0.2218100      46.48
    385.88995    0.2249400      47.14
    385.89041    0.2278700      47.75
    385.89084    0.2309700      48.40
    385.89130    0.2348200      49.21
    385.89172    0.2400800      50.31
    385.89218    0.2473900      51.84
    385.89264    0.2572600      53.91
    385.89307    0.2699300      56.57
    385.89352    0.2852700      59.78
    385.89395    0.3027100      63.44
    385.89441    0.3213700      67.35
    385.89484    0.3401600      71.29
    385.89529    0.3580500      75.03
    385.89572    0.3742500      78.43
    385.89618    0.3883400      81.38
    385.89661    0.4002900      83.89
    385.89706    0.4103800      86.00
    385.89752    0.4191200      87.83
    385.89795    0.4270600      89.50
    385.89841    0.4347700      91.11
    385.89883    0.4427700      92.79
    385.89929    0.4514200      94.60
    385.89972    0.4609200      96.59
    385.90018    0.4712500      98.76
    385.90060    0.4822000     101.05
    385.90106    0.4934100     103.40
    385.90149    0.5044600     105.72
    385.90195    0.5148900     107.90
    385.90237    0.5243100     109.88
    385.90283    0.5323400     111.56
    385.90329    0.5386900     112.89
    385.90372    0.5430800     113.81
    385.90417    0.5452900     114.27
    385.90460    0.5451500     114.24
    385.90506    0.5425800     113.70
    385.90549    0.5375600     112.65
    385.90594    0.5301700     111.10
    385.90637    0.5206000     109.10
    385.90683    0.5091400     106.70
    385.90726    0.4962000     103.98
    385.90771    0.4822600     101.06
    385.90817    0.4678600      98.04
    385.90860    0.4535700      95.05
    385.90906    0.4398900      92.18
    385.90948    0.4272300      89.53
    385.90994    0.4158500      87.14
    385.91037    0.4058800      85.06
    385.91083    0.3972700      83.25
    385.91125    0.3898500      81.70
    385.91171    0.3833500      80.33
    385.91214    0.3774300      79.09
    385.91260    0.3717200      77.90
    385.91302    0.3658300      76.66
    385.91348    0.3593800      75.31
    385.91394    0.3519800      73.76
    385.91437    0.3432800      71.94
    385.91483    0.3329900      69.78
    385.91525    0.3208700      67.24
    385.91571    0.3067500      64.28
    385.91614    0.2905600      60.89
    385.91660    0.2723300      57.07
    385.91702    0.2522800      52.87
    385.91748    0.2308500      48.38
    385.91791    0.2087100      43.74
    385.91837    0.1867400      39.13
    385.91882    0.1658500      34.75
    385.91925    0.1468900      30.78
    385.91971    0.1305000      27.35
    385.92014    0.1170200      24.52
    385.92059    0.1065200      22.32
    385.92102    0.0989200      20.73
    385.92148    0.0940300      19.70
    385.92191    0.0917100      19.22
    385.92236    0.0919200      19.26
    385.92279    0.0947300      19.85
    385.92325    0.1003400      21.03
    385.92371    0.1089400      22.83
    385.92413    0.1206400      25.28
    385.92459    0.1353000      28.35
    385.92502    0.1525000      31.96
    385.92548    0.1715100      35.94
    385.92590    0.1914300      40.11
    385.92636    0.2114100      44.30
    385.92679    0.2307600      48.36
    385.92725    0.2491400      52.21
    385.92767    0.2665100      55.85
    385.92813    0.2830500      59.31
    385.92859    0.2990200      62.66
    385.92902    0.3146000      65.92
    385.92947    0.3298500      69.12
    385.92990    0.3447000      72.23
    385.93036    0.3589400      75.22
    385.93079    0.3723100      78.02
    385.93124    0.3845100      80.57
    385.93167    0.3952600      82.83
    385.93213    0.4043300      84.73
    385.93256    0.4115800      86.25
    385.93301    0.4169300      87.37
    385.93347    0.4204200      88.10
    385.93390    0.4221400      88.46
    385.93436    0.4221900      88.47
    385.93478    0.4206900      88.15
    385.93524    0.4177100      87.53
    385.93567    0.4133500      86.62
    385.93613    0.4077000      85.43
    385.93655    0.4008800      84.00
    385.93701    0.3930700      82.37
    385.93744    0.3845000      80.57
    385.93790    0.3754400      78.67
    385.93835    0.3661500      76.73
    385.93878    0.3569200      74.79
    385.93924    0.3479900      72.92
    385.93967    0.3395200      71.14
    385.94012    0.3316100      69.49
    385.94055    0.3243100      67.96
    385.94101    0.3176000      66.55
    385.94144    0.3114200      65.26
    385.94189    0.3057100      64.06
    385.94232    0.3004200      62.95
    385.94278    0.2954900      61.92
    385.94324    0.2909000      60.96
    385.94366    0.2866700      60.07
    385.94412    0.2829100      59.28
    385.94455    0.2798100      58.63
    385.94501    0.2776100      58.17
    385.94543    0.2765600      57.95
    385.94589    0.2768400      58.01
    385.94632    0.2784500      58.35
    385.94678    0.2812000      58.92
    385.94720    0.2847400      59.67
    385.94766    0.2885700      60.47
    385.94812    0.2922500      61.24
    385.94855    0.2953800      61.89
    385.94901    0.2977400      62.39
    385.94943    0.2993000      62.72
    385.94989    0.3001400      62.89
    385.95032    0.3004500      62.96
    385.95078    0.3004200      62.95
    385.95120    0.3002500      62.91
    385.95166    0.3000600      62.87
    385.95209    0.2998900      62.84
    385.95255    0.2997200      62.80
    385.95300    0.2994800      62.75
    385.95343    0.2990600      62.67
    385.95389    0.2983900      62.52
    385.95432    0.2974200      62.32
    385.95477    0.2961200      62.05
    385.95520    0.2945000      61.71
    385.95566    0.2925600      61.30
    385.95609    0.2902900      60.83
    385.95654    0.2877200      60.29
    385.95697    0.2848700      59.69
    385.95743    0.2817800      59.04
    385.95789    0.2784600      58.35
    385.95831    0.2749000      57.60
    385.95877    0.2710600      56.80
    385.95920    0.2668900      55.92
    385.95966    0.2623100      54.96
    385.96008    0.2573000      53.91
    385.96054    0.2518400      52.77
    385.96097    0.2459700      51.54
    385.96143    0.2397400      50.23
    385.96185    0.2332000      48.86
    385.96231    0.2264800      47.46
    385.96277    0.2197100      46.04
    385.96320    0.2130700      44.65
    385.96365    0.2067700      43.33
    385.96408    0.2009700      42.11
    385.96454    0.1958300      41.03
    385.96497    0.1914200      40.11
    385.96542    0.1878000      39.35
    385.96585    0.1849500      38.75
    385.96631    0.1828700      38.32
    385.96674    0.1815100      38.03
    385.96719    0.1808200      37.89
    385.96765    0.1807300      37.87
    385.96808    0.1811600      37.96
    385.96854    0.1820200      38.14
    385.96896    0.1832000      38.39
    385.96942    0.1846200      38.68
    385.96985    0.1861700      39.01
    385.97031    0.1877500      39.34
    385.97073    0.1892500      39.65
    385.97119    0.1905400      39.92
    385.97165    0.1915300      40.13
    385.97208    0.1921300      40.26
    385.97253    0.1923000      40.29
    385.97296    0.1920400      40.24
    385.97342    0.1913800      40.10
    385.97385    0.1903500      39.88
    385.97430    0.1890200      39.61
    385.97473    0.1874100      39.27
    385.97519    0.1855900      38.89
    385.97562    0.1836200      38.47
    385.97607    0.1815700      38.04
    385.97653    0.1794900      37.61
    385.97696    0.1774400      37.18
    385.97742    0.1754200      36.76
    385.97784    0.1734400      36.34
    385.97830    0.1714400      35.92
    385.97873    0.1694000      35.49
    385.97919    0.1672600      35.05
    385.97961    0.1649900      34.57
    385.98007    0.1625500      34.06
    385.98050    0.1598900      33.50
    385.98096    0.1569700      32.89
    385.98141    0.1537500      32.21
    385.98184    0.1502000      31.47
    385.98230    0.1462900      30.65
    385.98273    0.1419700      29.75
    385.98318    0.1372100      28.75
    385.98361    0.1319400      27.65
    385.98407    0.1261500      26.43
    385.98450    0.1198200      25.11
    385.98495    0.1130000      23.68
    385.98538    0.1057700      22.16
    385.98584    0.0982400      20.58
    385.98630    0.0905500      18.97
    385.98672    0.0828700      17.36
    385.98718    0.0753900      15.80
    385.98761    0.0683400      14.32
    385.98807    0.0619100      12.97
    385.98849    0.0562600      11.79
    385.98895    0.0514600      10.78
    385.98938    0.0475300       9.96
    385.98984    0.0444000       9.30
    385.99030    0.0420000       8.80
    385.99072    0.0402500       8.43
    385.99118    0.0390600       8.18
    385.99161    0.0383900       8.04
    385.99207    0.0381800       8.00
    385.99249    0.0384200       8.05
    385.99295    0.0391000       8.19
    385.99338    0.0402300       8.43
    385.99384    0.0418800       8.77
    385.99426    0.0441200       9.24
    385.99472    0.0470700       9.86
    385.99518    0.0508300      10.65
    385.99561    0.0554600      11.62
    385.99606    0.0609900      12.78
    385.99649    0.0673200      14.11
    385.99695    0.0743200      15.57
    385.99738    0.0817800      17.13
    385.99783    0.0894800      18.75
    385.99826    0.0972200      20.37
    385.99872    0.1048300      21.96
    385.99918    0.1121800      23.50
    385.99960    0.1191600      24.97
    386.00006    0.1257000      26.34
    386.00049    0.1317300      27.60
    386.00095    0.1372400      28.75
    386.00137    0.1422700      29.81
    386.00183    0.1468500      30.77
    386.00226    0.1510200      31.64
    386.00272    0.1548200      32.44
    386.00314    0.1582800      33.16
    386.00360    0.1614500      33.83
    386.00406    0.1643800      34.44
    386.00449    0.1671300      35.02
    386.00494    0.1697700      35.57
    386.00537    0.1723200      36.10
    386.00583    0.1747700      36.62
    386.00626    0.1771000      37.11
    386.00671    0.1792900      37.56
    386.00714    0.1813900      38.00
    386.00760    0.1834300      38.43
    386.00806    0.1854500      38.85
    386.00848    0.1874900      39.28
    386.00894    0.1895200      39.71
    386.00937    0.1915200      40.13
    386.00983    0.1935000      40.54
    386.01025    0.1954500      40.95
    386.01071    0.1974100      41.36
    386.01114    0.1993900      41.78
    386.01160    0.2013900      42.19
    386.01202    0.2033700      42.61
    386.01248    0.2053300      43.02
    386.01294    0.2072700      43.43
    386.01337    0.2091900      43.83
    386.01382    0.2110900      44.23     