      46.9747     0.400614
      46.4359     0.399658
      45.9228     0.395972
      45.3841     0.392372
      44.8710     0.392316
      44.3322     0.398582
      43.8191     0.411813
      43.2804     0.432702
      42.7672     0.456949
      42.2285     0.483195
      41.7154     0.505088
      41.1766     0.520823
      40.6635     0.526066
      40.1248     0.519788
      39.6117     0.503002
      39.0729     0.476606
      38.5598     0.446866
      38.0210     0.415283
      37.5079     0.388296
      36.9692     0.365650
      36.4561     0.350681
      35.9173     0.342219
      35.4042     0.340306
      34.8911     0.342607
      34.3523     0.347067
      33.8392     0.350886
      33.3005     0.352751
      32.7874     0.351965
      32.2486     0.349345
      31.7355     0.347030
      31.1967     0.347539
      30.6836     0.353330
      30.1449     0.366999
      29.6318     0.387840
      29.0930     0.416806
      28.5799     0.448557
      28.0412     0.482364
      27.5280     0.511227
      26.9893     0.534549
      26.4762     0.548112
      25.9374     0.552778
      25.4243     0.549102
      24.8856     0.538805
      24.3725     0.524946
      23.8337     0.508187
      23.3206     0.492000
      22.7818     0.477126
      22.2687     0.467163
      21.7556     0.462720
      21.2169     0.464433
      20.7038     0.471671
      20.1650     0.484291
      19.6519     0.500079
      19.1131     0.519421
      18.6000     0.539345
      18.0613     0.560855
      17.5482     0.581273
      17.0094     0.602274
      16.4963     0.621863
      15.9575     0.642587
      15.4444     0.663394
      14.9057     0.687493
      14.3926     0.713406
      13.8538     0.744307
      13.3407     0.777398
      12.8020     0.815394
      12.2888     0.853386
      11.7501     0.893373
      11.2370     0.930064
      10.6982     0.965786
      10.1851     0.994510
      9.64636      1.01408
      9.13326      1.01612
      8.62015     0.996647
      8.08139     0.950300
      7.56829     0.883018
      7.02953     0.793833
      6.51643     0.699459
      5.97767     0.600438
      5.46456     0.514502
      4.92580     0.439173
      4.41270     0.384044
      3.87394     0.343251
      3.36083     0.318236
      2.82207     0.301872
      2.30897     0.289016
      1.77021     0.276159
      1.25711     0.268381
     0.718346     0.264845
     0.205242     0.262431
    -0.333518     0.262974
    -0.846622     0.265238
     -1.38538     0.266424
     -1.89849     0.267488
     -2.43725     0.272705
     -2.95035     0.281768
     -3.48911     0.289120
     -4.00221     0.292077
     -4.51532     0.289761
     -5.05408     0.281777
     -5.56718     0.270556
     -6.10594     0.258098
     -6.61905     0.248918
     -7.15781     0.245395
     -7.67091     0.250060
     -8.20967     0.264404
     -8.72277     0.286426
     -9.26153     0.315815
     -9.77464     0.346278
     -10.3134     0.376648
     -10.8265     0.400591
     -11.3653     0.417723
     -11.8784     0.425217
     -12.4171     0.424270
     -12.9302     0.416842
     -13.4690     0.405109
     -13.9821     0.392946
     -14.5209     0.381720
     -15.0340     0.374268
     -15.5727     0.370984
     -16.0858     0.372319
     -16.6246     0.377510
     -17.1377     0.384614
     -17.6508     0.392430
     -18.1896     0.400494
     -18.7027     0.407637
     -19.2414     0.414450
     -19.7545     0.420287
     -20.2933     0.425792
     -20.8064     0.430431
     -21.3451     0.434470
     -21.8582     0.437292
     -22.3970     0.439196
     -22.9101     0.440301
     -23.4489     0.441249
     -23.9620     0.442539
     -24.5007     0.445118
     -25.0138     0.449505
     -25.5526     0.456628
     -26.0657     0.465743
     -26.6045     0.477164
     -27.1176     0.489003
     -27.6563     0.501555
     -28.1694     0.513098
     -28.7082     0.524621
     -29.2213     0.535146
     -29.7601     0.545791
     -30.2732     0.555492
     -30.7863     0.564707
     -31.3250     0.573791
     -31.8381     0.581751
     -32.3769     0.588910
     -32.8900     0.593924
     -33.4287     0.596603
     -33.9419     0.596465
     -34.4806     0.594019
     -34.9937     0.590545
     -35.5325     0.587003
     -36.0456     0.584719
     -36.5843     0.583960
     -37.0974     0.584507
     -37.6362     0.585327
     -38.1493     0.585075
     -38.6881     0.582946
     -39.2012     0.579394
     -39.7399     0.575212
     -40.2530     0.572358
     -40.7918     0.572373
     -41.3049     0.577019
     -41.8437     0.588137
     -42.3568     0.604528
     -42.8955     0.625448
     -43.4086     0.645015
     -43.9217     0.660351
     -44.4605     0.668999
     -44.9736     0.669103
     -45.5124     0.661430
     -46.0255     0.648854
     -46.5642     0.633434
