Tayal & Gupta 1999		// REFERENCE
transition (lower-upper)	// Column 1
Collision strenth at T 		// Columns 2-9
Collision strenghs (unitless)   // Data type
The first row is a header row. 
Temepratures in the first row in K
\begindata
i-k	0.5e4	0.8e4	1.0e4	2.0e4	3.0e4	4.0e4	6.0e4	10.0e4
1-2	4.44	4.17	3.98	3.24	2.85	2.61	2.29	1.90
1-3	1.41	1.35	1.31	1.28	1.31	1.33	1.33	1.24
1-4	8.02e-1	7.78e-1	7.73e-1	7.86e-1	7.92e-1	7.85e-1	7.50e-1	6.64e-1
1-5	1.29e-1	1.30e-1	1.31e-1	1.37e-1	1.44e-1	1.48e-1	1.49e-1	1.36e-1
1-6	2.71e-1	3.04e-1	3.16e-1	3.45e-1	3.57e-1	3.58e-1	3.45e-1	3.08e-1
1-7	3.42e-1	3.50e-1	3.54e-1	3.72e-1	3.84e-1	4.05e-1	4.34e-1	4.53e-1
1-8	2.38e-1	2.41e-1	2.44e-1	2.63e-1	2.75e-1	2.78e-1	2.73e-1	2.52e-1
1-9	2.27e-1	2.25e-1	2.24e-1	2.15e-1	2.07e-1	1.98e-1	1.80e-1	1.50e-1
1-10	4.37e-2	4.54e-2	4.66e-2	5.00e-2	5.05e-2	4.96e-2	4.68e-2	4.12e-2
1-11	3.04e-1	2.98e-1	2.98e-1	3.07e-1	3.12e-1	3.14e-1	3.18e-1	3.25e-1
1-12	1.64e-1	1.72e-1	1.77e-1	1.93e-1	1.95e-1	1.90e-1	1.77e-1	1.53e-1
1-13	2.99e-1	3.07e-1	3.10e-1	3.09e-1	2.98e-1	2.86e-1	2.69e-1	2.50e-1
1-14	3.57e-1	3.83e-1	3.94e-1	3.97e-1	3.74e-1	3.49e-1	3.09e-1	2.56e-1
1-15	3.31e-1	3.60e-1	3.69e-1	3.66e-1	3.42e-1	3.21e-1	2.88e-1	2.49e-1
1-16	3.06e-1	3.16e-1	3.16e-1	2.88e-1	2.58e-1	2.34e-1	2.00e-1	1.62e-1
1-17	1.24e-1	1.15e-1	1.10e-1	9.36e-2	8.54e-2	8.08e-2	7.61e-2	7.13e-2
1-18	7.19e-1	7.28e-1	7.34e-1	7.59e-1	7.80e-1	8.00e-1	8.37e-1	9.13e-1
1-19	7.23e-2	6.18e-2	5.72e-2	4.50e-2	3.91e-2	3.53e-2	3.02e-2	2.45e-2
1-20	6.86e-1	6.55e-1	6.45e-1	6.35e-1	6.43e-1	6.55e-1	6.89e-1	7.77e-1
1-21	3.15e-1	2.64e-1	2.42e-1	1.86e-1	1.60e-1	1.43e-1	1.21e-1	9.64e-2
1-22	1.93e-2	1.94e-2	1.92e-2	1.82e-2	1.76e-2	1.73e-2	1.71e-2	1.65e-2
1-23	3.23e-1	3.33e-1	3.38e-1	3.57e-1	3.74e-1	3.90e-1	4.21e-1	4.72e-1
1-24	9.21e-2	9.43e-2	9.59e-2	9.99e-2	9.97e-2	9.81e-2	9.37e-2	8.53e-2
1-25	1.46	1.48	1.49	1.60	1.72	1.84	2.06	2.44
1-26	2.73e-1	2.70e-1	2.68e-1	2.51e-1	2.34e-1	2.22e-1	2.05e-1	1.84e-1
1-27	1.52e-1	1.56e-1	1.59e-1	1.70e-1	1.79e-1	1.83e-1	1.88e-1	1.86e-1
1-28	9.11e-2	8.77e-2	8.67e-2	8.31e-2	7.85e-2	7.35e-2	6.47e-2	5.24e-2
1-29	9.65e-2	9.41e-2	9.23e-2	9.08e-2	9.76e-2	1.06e-1	1.12e-1	1.11e-1
1-30	1.95e-1	1.96e-1	1.94e-1	1.91e-1	1.90e-1	1.91e-1	1.90e-1	1.85e-1
1-31	4.56e-2	4.81e-2	4.94e-2	5.43e-2	5.49e-2	5.52e-2	5.37e-2	4.85e-2
1-32	5.01e-2	4.94e-2	4.89e-2	4.54e-2	4.10e-2	3.70e-2	3.07e-2	2.32e-2
1-33	5.58e-2	5.34e-2	5.22e-2	4.71e-2	4.22e-2	3.80e-2	3.15e-2	2.39e-2
1-34	8.77e-2	8.53e-2	8.37e-2	7.74e-2	7.19e-2	6.72e-2	6.06e-2	5.40e-2
1-35	4.73e-2	4.75e-2	4.75e-2	4.53e-2	4.12e-2	3.72e-2	3.08e-2	2.32e-2
1-36	1.25e-1	1.33e-1	1.37e-1	1.50e-1	1.51e-1	1.49e-1	1.44e-1	1.37e-1
1-37	1.09e-1	1.01e-1	9.93e-2	9.16e-2	8.28e-2	7.47e-2	6.23e-2	4.75e-2
1-38	6.09e-2	6.27e-2	6.38e-2	6.54e-2	6.31e-2	6.01e-2	5.51e-2	4.90e-2
1-39	2.99e-2	2.99e-2	2.99e-2	2.84e-2	2.56e-2	2.29e-2	1.88e-2	1.39e-2
1-40	6.40e-2	6.27e-2	6.15e-2	5.44e-2	4.78e-2	4.27e-2	3.56e-2	2.77e-2
1-41	1.34e-2	1.18e-2	1.10e-2	8.58e-3	7.14e-3	6.17e-3	4.95e-3	3.69e-3
1-42	9.88e-3	7.81e-3	6.83e-3	7.33e-3	6.76e-3	6.42e-3	5.99e-3	5.46e-3
1-43	3.59e-2	2.96e-2	2.62e-2	5.41e-2	6.12e-2	6.83e-2	8.24e-2	1.10e-1
1-44	4.64e-3	3.82e-3	3.38e-3	6.77e-3	6.91e-3	6.96e-3	6.96e-3	6.82e-3
1-45	6.78e-3	5.41e-3	4.73e-3	7.52e-3	7.46e-3	7.45e-3	7.44e-3	7.43e-3
1-46	6.70e-4	5.14e-4	4.42e-4	5.98e-4	5.62e-4	5.41e-4	5.17e-4	4.92e-4
1-47	1.29e-2	9.87e-3	8.49e-3	1.64e-2	1.79e-2	1.96e-2	2.31e-2	3.05e-2
1-48	7.43e-3	5.70e-3	4.91e-3	5.87e-3	5.40e-3	5.13e-3	4.81e-3	4.47e-3
1-49	0	0	0	1.19e-3	1.19e-3	1.19e-3	1.19e-3	1.19e-3
2-3	8.72	8.20	7.87	6.88	6.46	6.21	5.81	5.13
2-4	2.41	2.33	2.32	2.36	2.38	2.35	2.25	1.99
2-5	3.88e-1	3.91e-1	3.93e-1	4.10e-1	4.32e-1	4.45e-1	4.47e-1	4.07e-1
2-6	8.14e-1	9.14e-1	9.47e-1	1.04	1.07	1.08	1.04	9.25e-1
2-7	5.77e-1	5.87e-1	5.94e-1	6.34e-1	6.59e-1	6.62e-1	6.63e-1	6.66e-1
2-8	1.06	1.07	1.08	1.12	1.14	1.14	1.15	1.17
2-9	7.89e-1	7.89e-1	7.89e-1	7.99e-1	7.99e-1	7.85e-1	7.41e-1	6.46e-1
2-10	3.04e-1	2.98e-1	2.98e-1	3.07e-1	3.12e-1	3.14e-1	3.18e-1	3.26e-1
2-11	4.82e-1	4.89e-1	4.96e-1	5.25e-1	5.31e-1	5.28e-1	5.31e-1	5.33e-1
2-12	7.49e-1	7.60e-1	7.72e-1	8.17e-1	8.28e-1	8.25e-1	8.31e-1	8.50e-1
2-13	8.98e-1	9.20e-1	9.30e-1	9.29e-1	8.95e-1	8.59e-1	8.07e-1	7.49e-1
2-14	8.16e-1	8.87e-1	9.12e-1	9.15e-1	8.60e-1	8.06e-1	7.19e-1	6.12e-1
2-15	1.10	1.17	1.19	1.16	1.08	1.00	8.79e-1	7.25e-1
2-16	1.07	1.13	1.14	1.07	9.82e-1	9.04e-1	7.93e-1	6.64e-1
2-17	3.73e-1	3.45e-1	3.30e-1	2.81e-1	2.56e-1	2.43e-1	2.28e-1	2.14e-1
2-18	2.16	2.18	2.20	2.28	2.34	2.40	2.51	2.74
2-19	6.89e-1	6.57e-1	6.47e-1	6.36e-1	6.44e-1	6.56e-1	6.91e-1	7.83e-1
2-20	9.67e-1	8.75e-1	8.37e-1	7.51e-1	7.20e-1	7.05e-1	6.98e-1	7.30e-1
2-21	1.56	1.41	1.35	1.21	1.16	1.15	1.16	1.25
2-22	3.23e-1	3.33e-1	3.38e-1	3.57e-1	3.74e-1	3.90e-1	4.21e-1	4.72e-1
2-23	3.69e-1	3.78e-1	3.83e-1	3.97e-1	4.08e-1	4.18e-1	4.37e-1	4.67e-1
2-24	6.14e-1	6.31e-1	6.41e-1	6.73e-1	6.94e-1	7.11e-1	7.42e-1	7.94e-1
2-25	1.47	1.48	1.48	1.54	1.61	1.68	1.82	2.08
2-26	3.51	3.55	3.59	3.83	4.11	4.38	4.87	5.71
2-27	6.85e-1	6.90e-1	6.92e-1	6.90e-1	6.85e-1	6.82e-1	6.77e-1	6.60e-1
2-28	2.73e-1	2.63e-1	2.60e-1	2.49e-1	2.35e-1	2.21e-1	1.94e-1	1.57e-1
2-29	2.90e-1	2.82e-1	2.77e-1	2.72e-1	2.79e-1	2.91e-1	3.08e-1	3.11e-1
2-30	5.84e-1	5.87e-1	5.83e-1	5.73e-1	5.77e-1	5.85e-1	5.89e-1	5.69e-1
2-31	1.37e-1	1.44e-1	1.48e-1	1.63e-1	1.64e-1	1.64e-1	1.59e-1	1.44e-1
2-32	1.50e-1	1.48e-1	1.47e-1	1.36e-1	1.23e-1	1.11e-1	9.22e-2	6.97e-2
2-33	1.58e-1	1.54e-1	1.51e-1	1.39e-1	1.29e-1	1.19e-1	1.06e-1	9.13e-2
2-34	1.94e-1	1.88e-1	1.85e-1	1.70e-1	1.54e-1	1.39e-1	1.17e-1	9.04e-2
2-35	2.23e-1	2.18e-1	2.14e-1	2.00e-1	1.83e-1	1.68e-1	1.46e-1	1.21e-1
2-36	1.11e-1	1.03e-1	1.00e-1	9.23e-2	8.33e-2	7.51e-2	6.26e-2	4.48e-2
2-37	5.05e-1	5.23e-1	5.34e-1	5.68e-1	5.68e-1	5.62e-1	5.56e-1	5.61e-1
2-38	2.67e-1	2.63e-1	2.64e-1	2.60e-1	2.44e-1	2.27e-1	2.01e-1	1.69e-1
2-39	8.96e-2	8.96e-2	8.97e-2	8.53e-2	7.69e-2	6.88e-2	5.64e-2	4.18e-2
2-40	1.92e-1	1.88e-1	1.85e-1	1.63e-1	1.43e-1	1.28e-1	1.07e-1	8.32e-2
2-41	4.02e-2	3.54e-2	3.31e-2	2.58e-2	2.14e-2	1.85e-2	1.48e-2	1.11e-2
2-42	2.96e-2	2.34e-2	2.05e-2	2.20e-2	2.03e-2	1.93e-2	1.80e-2	1.64e-2
2-43	4.11e-2	4.40e-2	4.57e-2	5.15e-2	5.50e-2	5.76e-2	6.18e-2	7.12e-2
2-44	1.18e-1	1.40e-1	1.54e-1	2.05e-1	2.37e-1	2.62e-1	3.00e-1	3.63e-1
2-45	2.00e-2	1.61e-2	1.41e-2	2.45e-2	2.46e-2	2.47e-2	2.47e-2	2.46e-2
2-46	1.27e-2	9.69e-3	8.33e-3	1.64e-2	1.79e-2	1.96e-2	2.32e-2	3.06e-2
2-47	1.71e-2	1.31e-2	1.12e-2	1.84e-2	1.91e-2	2.01e-2	2.25e-2	2.77e-2
2-48	3.33e-2	2.56e-2	2.21e-2	3.37e-2	3.45e-2	3.59e-2	3.96e-2	4.80e-2
2-49	0	0	0	3.59e-3	3.59e-3	3.59e-3	3.59e-3	3.58e-3
3-4	4.01	3.89	3.86	3.93	3.96	3.92	3.75	3.32
3-5	6.46e-1	6.51e-1	6.55e-1	6.83e-1	7.19e-1	7.42e-1	7.45e-1	6.79e-1
3-6	1.36	1.52	1.58	1.73	1.79	1.79	1.73	1.54
3-7	5.28e-1	5.29e-1	5.27e-1	5.23e-1	5.15e-1	5.01e-1	4.78e-1	5.03e-1
3-8	1.12	1.13	1.14	1.17	1.18	1.18	1.19	1.31
3-9	2.39	2.42	2.44	2.56	2.63	2.65	2.71	2.91
3-10	1.65e-1	1.73e-1	1.78e-1	1.93e-1	1.95e-1	1.91e-1	1.77e-1	1.53e-1
3-11	7.51e-1	7.61e-1	7.72e-1	8.18e-1	8.28e-1	8.22e-1	8.20e-1	7.96e-1
3-12	1.65	1.65	1.66	1.74	1.76	1.76	1.74	1.75
3-13	1.50	1.53	1.55	1.55	1.49	1.43	1.34	1.25
3-14	9.15e-1	9.69e-1	9.79e-1	9.29e-1	8.48e-1	7.80e-1	6.80e-1	5.63e-1
3-15	1.54	1.65	1.68	1.62	1.50	1.39	1.22	1.03
3-16	2.54	2.71	2.77	2.72	2.53	2.36	2.08	1.74
3-17	6.21e-1	5.75e-1	5.50e-1	4.68e-1	4.27e-1	4.04e-1	3.81e-1	3.57e-1
3-18	3.59	3.64	3.67	3.79	3.90	4.00	4.19	4.58
3-19	3.16e-1	2.65e-1	2.43e-1	1.87e-1	1.60e-1	1.43e-1	1.21e-1	9.66e-2
3-20	1.57	1.41	1.35	1.21	1.16	1.14	1.14	1.20
3-21	3.48	3.22	3.13	2.93	2.89	2.88	2.94	3.21
3-22	9.16e-2	9.38e-2	9.54e-2	9.96e-2	9.95e-2	9.79e-2	9.37e-2	8.53e-2
3-23	6.10e-1	6.27e-1	6.37e-1	6.70e-1	6.91e-1	7.08e-1	7.37e-1	7.82e-1
3-24	1.48	1.52	1.54	1.61	1.67	1.73	1.83	2.00
3-25	4.72e-1	4.78e-1	4.82e-1	4.98e-1	5.13e-1	5.26e-1	5.47e-1	5.69e-1
3-26	1.88	1.89	1.91	1.98	2.06	2.14	2.29	2.56
3-27	7.09	7.15	7.21	7.62	8.09	8.56	9.42	10.9
3-28	4.56e-1	4.39e-1	4.34e-1	4.15e-1	3.92e-1	3.68e-1	3.24e-1	2.62e-1
3-29	4.83e-1	4.71e-1	4.62e-1	4.54e-1	4.72e-1	4.98e-1	5.10e-1	5.36e-1
3-30	9.74e-1	9.79e-1	9.72e-1	9.55e-1	9.58e-1	9.71e-1	9.75e-1	9.66e-1
3-31	2.28e-1	2.41e-1	2.47e-1	2.72e-1	2.86e-1	2.95e-1	3.01e-1	2.89e-1
3-32	2.51e-1	2.47e-1	2.44e-1	2.27e-1	2.05e-1	1.85e-1	1.54e-1	1.16e-1
3-33	1.23e-1	1.24e-1	1.24e-1	1.18e-1	1.08e-1	9.92e-2	8.48e-2	6.78e-2
3-34	2.88e-1	2.83e-1	2.79e-1	2.61e-1	2.40e-1	2.21e-1	1.92e-1	1.59e-1
3-35	5.54e-1	5.28e-1	5.15e-1	4.69e-1	4.27e-1	3.91e-1	3.37e-1	2.77e-1
3-36	6.06e-2	6.23e-2	6.34e-2	6.51e-2	6.30e-2	6.02e-2	5.53e-2	4.93e-2
3-37	2.73e-1	2.67e-1	2.67e-1	2.61e-1	2.45e-1	2.29e-1	2.02e-1	1.70e-1
3-38	1.13	1.15	1.17	1.21	1.18	1.15	1.10	1.08
3-39	1.49e-1	1.49e-1	1.49e-1	1.42e-1	1.28e-1	1.15e-1	9.40e-2	6.97e-2
3-40	3.20e-1	3.14e-1	3.08e-1	2.72e-1	2.39e-1	2.13e-1	1.78e-1	1.39e-1
3-41	6.70e-2	5.91e-2	5.51e-2	4.29e-2	3.57e-2	3.08e-2	2.47e-2	1.85e-2
3-42	4.94e-2	3.91e-2	3.41e-2	3.66e-2	3.38e-2	3.21e-2	3.00e-2	2.73e-2
3-43	1.65e-2	1.33e-2	1.17e-2	1.93e-2	1.97e-2	2.00e-2	2.08e-2	2.23e-2
3-44	4.87e-2	3.98e-2	3.51e-2	6.76e-2	7.31e-2	7.84e-2	8.91e-2	1.10e-1
3-45	1.69e-1	1.38e-1	1.22e-1	2.57e-1	2.86e-1	3.16e-1	3.75e-1	4.91e-1
3-46	7.09e-3	5.39e-3	4.62e-3	5.76e-3	5.32e-3	5.06e-3	4.76e-3	4.44e-3
3-47	3.23e-2	2.47e-2	2.12e-2	3.35e-2	3.44e-2	3.59e-2	3.97e-2	4.83e-2
3-48	6.61e-2	5.10e-2	4.39e-2	7.49e-2	7.93e-2	8.50e-2	9.77e-2	1.25e-1
3-49	0	0	0	5.98e-3	5.98e-3	5.98e-3	5.98e-3	5.97e-3
4-5	1.31	1.33	1.38	1.59	1.72	1.79	1.85	1.84
4-7	1.07	1.16	1.19	1.17	1.09	1.02	9.08e-1	7.76e-1
4-8	1.79	1.94	1.99	1.95	1.82	1.70	1.51	1.29
4-9	2.52	2.73	2.79	2.73	2.55	2.38	2.12	1.81
4-10	2.45e-1	2.51e-1	2.51e-1	2.41e-1	2.27e-1	2.13e-1	1.89e-1	1.59e-1
4-11	7.33e-1	7.52e-1	7.53e-1	7.24e-1	6.80e-1	6.38e-1	5.68e-1	4.78e-1
4-12	1.22	1.25	1.25	1.20	1.13	1.06	9.47e-1	7.96e-1
4-13	3.29	3.23	3.20	3.03	2.88	2.79	2.78	2.81
4-14	1.58	1.65	1.67	1.62	1.52	1.43	1.29	1.11
4-15	2.26	2.35	2.36	2.27	2.13	2.00	1.81	1.55
4-16	2.99	3.08	3.08	2.94	2.75	2.58	2.32	1.99
4-17	4.35	4.28	4.25	4.15	4.13	4.14	4.21	4.47
4-18	3.96e-1	3.38e-1	3.11e-1	2.31e-1	1.92e-1	1.69e-1	1.43e-1	1.18e-1
4-19	4.01e-1	3.57e-1	3.35e-1	2.63e-1	2.22e-1	1.95e-1	1.61e-1	1.24e-1
4-20	1.20	1.07	1.01	7.89e-1	6.66e-1	5.85e-1	4.82e-1	3.72e-1
4-21	2.01	1.79	1.68	1.31	1.11	9.75e-1	8.03e-1	6.20e-1
4-22	2.51e-1	2.28e-1	2.16e-1	1.80e-1	1.60e-1	1.46e-1	1.27e-1	1.06e-1
4-23	7.50e-1	6.82e-1	6.47e-1	5.39e-1	4.78e-1	4.36e-1	3.81e-1	3.18e-1
4-24	1.22	1.11	1.05	8.80e-1	7.82e-1	7.16e-1	6.27e-1	5.24e-1
4-25	9.84e-1	8.36e-1	7.70e-1	5.93e-1	5.12e-1	4.64e-1	4.06e-1	3.43e-1
4-26	1.59	1.36	1.25	9.71e-1	8.41e-1	7.63e-1	6.69e-1	5.68e-1
4-27	2.20	1.88	1.74	1.35	1.17	1.06	9.33e-1	7.92e-1
4-28	2.78	2.66	2.58	2.22	1.94	1.72	1.70	1.72
4-29	7.46	7.57	7.64	7.96	8.28	8.59	9.20	10.4
4-30	8.56	7.86	7.62	7.42	7.69	8.06	8.80	10.1
4-31	8.31e-1	8.37e-1	8.41e-1	8.63e-1	8.87e-1	9.07e-1	9.40e-1	9.85e-1
4-32	8.64e-1	8.30e-1	8.06e-1	7.07e-1	6.31e-1	5.70e-1	4.85e-1	3.94e-1
4-33	2.54e-1	2.44e-1	2.37e-1	2.05e-1	1.78e-1	1.57e-1	1.26e-1	9.14e-2
4-34	4.28e-1	4.09e-1	3.96e-1	3.41e-1	2.96e-1	2.60e-1	2.09e-1	1.51e-1
4-35	6.15e-1	5.80e-1	5.58e-1	4.76e-1	4.12e-1	3.61e-1	2.89e-1	2.09e-1
4-36	1.02e-1	8.74e-2	8.14e-2	6.44e-2	5.45e-2	4.77e-2	3.87e-2	2.91e-2
4-37	2.97e-1	2.56e-1	2.39e-1	1.90e-1	1.61e-1	1.41e-1	1.15e-1	8.63e-2
4-38	4.55e-1	3.98e-1	3.73e-1	3.02e-1	2.58e-1	2.27e-1	1.85e-1	1.40e-1
4-39	2.22e-1	2.22e-1	2.20e-1	1.96e-1	1.70e-1	1.48e-1	1.18e-1	8.49e-2
4-40	1.82	1.79	1.77	1.69	1.60	1.54	1.47	1.45
4-41	1.19e-1	1.20e-1	1.20e-1	1.15e-1	1.07e-1	9.92e-2	8.91e-2	7.92e-2
4-42	1.61e-1	1.37e-1	1.22e-1	1.96e-1	2.08e-1	2.21e-1	2.47e-1	2.98e-1
4-43	7.17e-3	5.96e-3	5.30e-3	9.71e-3	9.82e-3	9.84e-3	9.78e-3	9.54e-3
4-44	1.19e-2	9.86e-3	8.74e-3	1.62e-2	1.64e-2	1.64e-2	1.63e-2	1.59e-2
4-45	1.65e-2	1.36e-2	1.20e-2	2.28e-2	2.30e-2	2.30e-2	2.29e-2	2.23e-2
4-46	3.17e-3	2.47e-3	2.14e-3	3.92e-3	3.85e-3	3.80e-3	3.71e-3	3.56e-3
4-47	9.51e-3	7.46e-3	6.47e-3	1.17e-2	1.15e-2	1.14e-2	1.11e-2	1.07e-2
4-48	1.59e-2	1.26e-2	1.10e-2	1.95e-2	1.92e-2	1.90e-2	1.85e-2	1.78e-2
4-49	0	0	0	6.47e-2	6.47e-2	6.47e-2	6.47e-2	6.47e-2
5-7	1.59e-1	1.52e-1	1.48e-1	1.32e-1	1.18e-1	1.07e-1	8.99e-2	6.90e-2
5-8	2.67e-1	2.54e-1	2.48e-1	2.20e-1	1.97e-1	1.78e-1	1.50e-1	1.15e-1
5-9	3.79e-1	3.59e-1	3.49e-1	3.09e-1	2.76e-1	2.50e-1	2.10e-1	1.61e-1
5-10	1.41e-1	1.60e-1	1.66e-1	1.64e-1	1.53e-1	1.42e-1	1.26e-1	1.05e-1
5-11	4.23e-1	4.81e-1	4.97e-1	4.92e-1	4.58e-1	4.26e-1	3.77e-1	3.16e-1
5-12	7.03e-1	8.00e-1	8.26e-1	8.20e-1	7.64e-1	7.10e-1	6.28e-1	5.26e-1
5-13	4.62e-1	4.50e-1	4.44e-1	4.06e-1	3.69e-1	3.37e-1	2.92e-1	2.37e-1
5-14	2.41e-1	2.59e-1	2.66e-1	2.70e-1	2.55e-1	2.39e-1	2.12e-1	1.74e-1
5-15	3.44e-1	3.68e-1	3.77e-1	3.80e-1	3.58e-1	3.36e-1	2.97e-1	2.44e-1
5-16	4.56e-1	4.83e-1	4.94e-1	4.93e-1	4.64e-1	4.33e-1	3.82e-1	3.14e-1
5-17	3.41e-1	3.61e-1	3.68e-1	3.63e-1	3.46e-1	3.32e-1	3.30e-1	3.31e-1
5-19	1.51e-1	1.31e-1	1.20e-1	8.73e-2	7.18e-2	6.26e-2	5.19e-2	4.11e-2
5-20	4.56e-1	3.94e-1	3.60e-1	2.62e-1	2.15e-1	1.88e-1	1.56e-1	1.23e-1
5-21	7.62e-1	6.57e-1	6.01e-1	4.37e-1	3.59e-1	3.13e-1	2.59e-1	2.06e-1
5-22	6.53e-2	6.77e-2	6.76e-2	6.34e-2	5.92e-2	5.58e-2	5.09e-2	4.45e-2
5-23	1.96e-1	2.03e-1	2.03e-1	1.90e-1	1.78e-1	1.67e-1	1.53e-1	1.33e-1
5-24	3.38e-1	3.47e-1	3.45e-1	3.20e-1	2.97e-1	2.80e-1	2.54e-1	2.22e-1
5-25	1.72e-1	1.67e-1	1.63e-1	1.46e-1	1.31e-1	1.21e-1	1.05e-1	8.62e-2
5-26	2.85e-1	2.77e-1	2.71e-1	2.42e-1	2.18e-1	2.01e-1	1.75e-1	1.43e-1
5-27	3.98e-1	3.88e-1	3.79e-1	3.38e-1	3.06e-1	2.80e-1	2.44e-1	2.00e-1
5-28	3.00e-1	2.98e-1	2.94e-1	2.68e-1	2.50e-1	2.36e-1	2.37e-1	2.37e-1
5-29	2.79e-1	2.78e-1	2.72e-1	2.48e-1	2.34e-1	2.25e-1	2.13e-1	1.99e-1
5-30	3.39e-1	3.13e-1	3.00e-1	2.68e-1	2.53e-1	2.43e-1	2.30e-1	2.18e-1
5-31	2.69	2.67	2.69	2.87	3.10	3.32	3.73	4.44
5-32	9.70e-2	1.04e-1	1.05e-1	1.04e-1	9.69e-2	8.92e-2	7.63e-2	5.95e-2
5-33	4.43e-2	4.68e-2	4.77e-2	4.68e-2	4.23e-2	3.78e-2	3.07e-2	2.23e-2
5-34	7.43e-2	7.84e-2	8.01e-2	7.83e-2	7.06e-2	6.29e-2	5.11e-2	3.70e-2
5-35	1.05e-1	1.11e-1	1.13e-1	1.10e-1	9.89e-2	8.80e-2	7.11e-2	5.14e-2
5-36	2.03e-2	1.91e-2	1.83e-2	1.51e-2	1.26e-2	1.08e-2	8.39e-3	5.78e-3
5-37	6.09e-2	5.72e-2	5.48e-2	4.50e-2	3.77e-2	3.23e-2	2.50e-2	1.72e-2
5-38	1.02e-1	9.49e-2	9.07e-2	7.42e-2	6.22e-2	5.32e-2	4.11e-2	2.83e-2
5-39	1.11e-1	1.14e-1	1.13e-1	9.78e-2	8.33e-2	7.20e-2	5.65e-2	3.98e-2
5-40	2.09e-1	2.09e-1	2.10e-1	2.03e-1	1.89e-1	1.76e-1	1.58e-1	1.39e-1
5-41	3.71e-1	3.98e-1	4.05e-1	4.23e-1	4.19e-1	4.15e-1	4.11e-1	4.11e-1
5-42	3.98e-2	3.43e-2	3.09e-2	3.20e-2	2.90e-2	2.71e-2	2.48e-2	2.23e-2
5-43	2.25e-3	1.88e-3	1.66e-3	2.27e-3	2.17e-3	2.10e-3	2.00e-3	1.86e-3
5-44	3.75e-3	3.11e-3	2.75e-3	3.78e-3	3.61e-3	3.50e-3	3.34e-3	3.10e-3
5-45	5.23e-3	4.30e-3	3.80e-3	5.29e-3	5.05e-3	4.89e-3	4.67e-3	4.33e-3
5-46	1.67e-3	1.31e-3	1.13e-3	1.51e-3	1.41e-3	1.34e-3	1.26e-3	1.16e-3
5-47	5.05e-3	3.96e-3	3.44e-3	4.54e-3	4.23e-3	4.04e-3	3.79e-3	3.48e-3
5-48	8.50e-3	6.73e-3	5.85e-3	7.60e-3	7.07e-3	6.75e-3	6.33e-3	5.81e-3
5-49	0	0	0	9.68e-1	9.68e-1	9.68e-1	9.68e-1	9.69e-1
\enddata
