      47.8501      75.1133
      47.5039      74.9816
      47.1576      74.7997
      46.8114      74.5826
      46.4305      74.3174
      46.0843      74.0588
      45.7381      73.7876
      45.3918      73.5041
      45.0110      73.1785
      44.6647      72.8678
      44.3185      72.5435
      43.9722      72.2028
      43.5914      71.8093
      43.2451      71.4320
      42.8989      71.0370
      42.5527      70.6219
      42.1718      70.1448
      41.8256      69.6914
      41.4793      69.2231
      41.1331      68.7398
      40.7522      68.1970
      40.4060      67.6942
      40.0598      67.1847
      39.7135      66.6683
      39.3327      66.0946
      38.9864      65.5667
      38.6402      65.0344
      38.2939      64.4958
      37.9477      63.9495
      37.5668      63.3435
      37.2206      62.7880
      36.8744      62.2313
      36.5281      61.6718
      36.1473      61.0526
      35.8010      60.4822
      35.4548      59.9055
      35.1085      59.3173
      34.7277      58.6571
      34.3815      58.0380
      34.0352      57.3987
      33.6890      56.7296
      33.3081      55.9536
      32.9619      55.1984
      32.6156      54.3892
      32.2694      53.5125
      31.8885      52.4653
      31.5423      51.4289
      31.1961      50.3133
      30.8498      49.1242
      30.4690      47.7564
      30.1227      46.4842
      29.7765      45.2209
      29.4302      43.9946
      29.0840      42.8326
      28.7031      41.6625
      28.3569      40.7097
      28.0107      39.8624
      27.6644      39.0980
      27.2836      38.3105
      26.9373      37.5884
      26.5911      36.8157
      26.2449      35.9449
      25.8640      34.8408
      25.5178      33.6802
      25.1715      32.3779
      24.8253      30.9497
      24.4444      29.2917
      24.0982      27.7664
      23.7519      26.3028
      23.4057      24.9670
      23.0248      23.7321
      22.6786      22.8805
      22.3324      22.3296
      21.9861      22.0904
      21.6053      22.1782
      21.2590      22.5409
      20.9128      23.1237
      20.5665      23.8672
      20.2203      24.7091
      19.8394      25.6651
      19.4932      26.4960
      19.1470      27.2399
      18.8007      27.8674
      18.4199      28.4047
      18.0736      28.7534
      17.7274      28.9744
      17.3812      29.0823
      17.0003      29.0898
      16.6541      29.0153
      16.3078      28.8806
      15.9616      28.6987
      15.5807      28.4579
      15.2345      28.2093
      14.8882      27.9384
      14.5420      27.6469
      14.1611      27.3081
      13.8149      26.9860
      13.4687      26.6544
      13.1224      26.3153
      12.7416      25.9366
      12.3953      25.5859
      12.0491      25.2284
      11.7028      24.8605
      11.3566      24.4786
      10.9757      24.0414
      10.6295      23.6255
      10.2833      23.1909
      9.93703      22.7330
      9.55617      22.1982
      9.20994      21.6764
      8.86370      21.1186
      8.51746      20.5180
      8.13660      19.8062
      7.79036      19.1042
      7.44412      18.3477
      7.09788      17.5279
      6.71702      16.5542
      6.37078      15.6009
      6.02454      14.5932
      5.67831      13.5382
      5.29744      12.3494
      4.95121      11.2629
      4.60497      10.1977
      4.25873      9.17599
      3.87787      8.13519
      3.53163      7.28564
      3.18539      6.54713
      2.83915      5.92410
      2.49291      5.41602
      2.11205      4.98519
      1.76581      4.69326
      1.41958      4.52669
      1.07334      4.51086
     0.692476      4.54219
     0.346238      4.53260
     -0.00000      4.48535
    -0.346238      4.55802
    -0.727100      4.69181
     -1.07334      4.94994
     -1.41958      5.45210
     -1.76581      6.11752
     -2.14668      6.85587
     -2.49291      7.58301
     -2.83915      8.40383
     -3.18539      9.30962
     -3.56625      10.3770
     -3.91249      11.3901
     -4.25873      12.4179
     -4.60497      13.4397
     -4.98583      14.5283
     -5.33207      15.4701
     -5.67831      16.3522
     -6.02454      17.1736
     -6.37078      17.9363
     -6.75164      18.7074
     -7.09788      19.3523
     -7.44412      19.9466
     -7.79036      20.4969
     -8.17122      21.0591
     -8.51746      21.5403
     -8.86370      21.9970
     -9.20994      22.4375
     -9.59080      22.9069
     -9.93703      23.3268
     -10.2833      23.7417
     -10.6295      24.1565
     -11.0104      24.6127
     -11.3566      25.0306
     -11.7028      25.4501
     -12.0491      25.8740
     -12.4299      26.3435
     -12.7762      26.7758
     -13.1224      27.2130
     -13.4687      27.6562
     -13.8495      28.1477
     -14.1958      28.5983
     -14.5420      29.0503
     -14.8882      29.5055
     -15.2345      29.9658
     -15.6153      30.4762
     -15.9616      30.9452
     -16.3078      31.4174
     -16.6541      31.8945
     -17.0349      32.4243
     -17.3812      32.9121
     -17.7274      33.4023
     -18.0736      33.8957
     -18.4545      34.4374
     -18.8007      34.9295
     -19.1470      35.4177
     -19.4932      35.9041
     -19.8741      36.4355
     -20.2203      36.9195
     -20.5665      37.4046
     -20.9128      37.8955
     -21.2936      38.4411
     -21.6399      38.9444
     -21.9861      39.4529
     -22.3324      39.9664
     -22.7132      40.5333
     -23.0595      41.0514
     -23.4057      41.5711
     -23.7519      42.0951
     -24.0982      42.6252
     -24.4790      43.2111
     -24.8253      43.7440
     -25.1715      44.2716
     -25.5178      44.7932
     -25.8986      45.3583
     -26.2449      45.8666
     -26.5911      46.3674
     -26.9373      46.8632
     -27.3182      47.3996
     -27.6644      47.8815
     -28.0107      48.3561
     -28.3569      48.8264
     -28.7378      49.3364
     -29.0840      49.7948
     -29.4302      50.2442
     -29.7765      50.6842
     -30.1573      51.1520
     -30.5036      51.5617
     -30.8498      51.9538
     -31.1961      52.3273
     -31.5769      52.7110
     -31.9232      53.0305
     -32.2694      53.3135
     -32.6156      53.5536
     -32.9619      53.7425
     -33.3427      53.8795
     -33.6890      53.9272
     -34.0352      53.8901
     -34.3815      53.7544
     -34.7623      53.4769
     -35.1085      53.0904
     -35.4548      52.5649
     -35.8010      51.8878
     -36.1819      50.9660
     -36.5281      49.9650
     -36.8744      48.8226
     -37.2206      47.5508
     -37.6015      46.0407
     -37.9477      44.5998
     -38.2939      43.1407
     -38.6402      41.6962
     -39.0210      40.1751
     -39.3673      38.8824
     -39.7135      37.7009
     -40.0598      36.6400
     -40.4406      35.6243
     -40.7869      34.8363
     -41.1331      34.1770
     -41.4793      33.6350
     -41.8256      33.1952
     -42.2064      32.8050
     -42.5527      32.4987
     -42.8989      32.1967
     -43.2451      31.8462
     -43.6260      31.3380
     -43.9722      30.6993
     -44.3185      29.8485
     -44.6647      28.7525
     -45.0456      27.2641
     -45.3918      25.6723
     -45.7381      23.9082
     -46.0843      22.0316
     -46.4652      19.9432
     -46.8114      18.1113
     -47.1576      16.4317
     -47.5039      14.9623
     -47.8847      13.6547
